0.5 0
1.5 0
2.5 0
3.5 0
4.5 0
5.5 0
6.5 0
7.5 0.00291701
8.5 0.00918906
9.5 0.0147729
10.5 0.0196196
11.5 0.0236697
12.5 0.026882
13.5 0.029254
14.5 0.0308306
15.5 0.0316989
16.5 0.0319742
17.5 0.031783
18.5 0.0312481
19.5 0.0304783
20.5 0.0295631
21.5 0.0285721
22.5 0.0275554
23.5 0.0265473
24.5 0.0255683
25.5 0.0246291
26.5 0.0237329
27.5 0.0228784
28.5 0.0220617
29.5 0.0212783
30.5 0.0205247
31.5 0.0197989
32.5 0.0191009
33.5 0.018433
34.5 0.0177988
35.5 0.017203
36.5 0.0166502
37.5 0.0161442
38.5 0.0156871
39.5 0.0152791
40.5 0.0149183
41.5 0.0146009
42.5 0.0143213
43.5 0.0140731
44.5 0.0138492
45.5 0.013643
46.5 0.0134485
47.5 0.0132607
48.5 0.0130758
49.5 0.0128912
50.5 0.0127055
51.5 0.0125183
52.5 0.0123296
53.5 0.0121401
54.5 0.0119504
55.5 0.0117614
56.5 0.0115738
57.5 0.0113879
58.5 0.0112043
59.5 0.0110228
60.5 0.0108435
61.5 0.0106661
62.5 0.0104904
63.5 0.0103161
64.5 0.0101429
65.5 0.00997033
66.5 0.00979832
67.5 0.00962661
68.5 0.0094549
69.5 0.00928312
70.5 0.00911118
71.5 0.00893894
72.5 0.00876649
73.5 0.00859365
74.5 0.00842044
75.5 0.00824701
76.5 0.0080732
77.5 0.00789925
78.5 0.00772506
79.5 0.00755081
80.5 0.00737648
81.5 0.00720225
82.5 0.00702821
83.5 0.00685448
84.5 0.0066812
85.5 0.00650854
86.5 0.00633667
87.5 0.00616578
88.5 0.00599607
89.5 0.00582777
90.5 0.00566113
91.5 0.00549639
92.5 0.00533381
93.5 0.00517366
94.5 0.00501622
95.5 0.00486177
96.5 0.00471059
97.5 0.00456294
98.5 0.00441909
99.5 0.00427927
100.5 0.00414374
101.5 0.00401269
102.5 0.0038863
103.5 0.00376474
104.5 0.00364812
105.5 0.00353654
106.5 0.00343007
107.5 0.00332871
108.5 0.00323246
109.5 0.00314127
110.5 0.00305505
111.5 0.00297367
112.5 0.00289698
113.5 0.00282481
114.5 0.00275695
115.5 0.00269316
116.5 0.00263319
117.5 0.00257678
118.5 0.00252365
119.5 0.00247351
120.5 0.00242609
121.5 0.0023811
122.5 0.00233825
123.5 0.00229727
124.5 0.00225791
125.5 0.00221993
126.5 0.00218309
127.5 0.0021472
128.5 0.00211206
129.5 0.00207751
130.5 0.00204342
131.5 0.00200966
132.5 0.00197613
133.5 0.00194278
134.5 0.00190953
135.5 0.00187636
136.5 0.00184325
137.5 0.00181021
138.5 0.00177723
139.5 0.00174435
140.5 0.00171161
141.5 0.00167905
142.5 0.00164671
143.5 0.00161466
144.5 0.00158295
145.5 0.00155162
146.5 0.00152075
147.5 0.00149037
148.5 0.00146055
149.5 0.00143133
150.5 0.00140273
151.5 0.00137482
152.5 0.0013476
153.5 0.00132112
154.5 0.00129538
155.5 0.0012704
156.5 0.00124618
157.5 0.00122272
158.5 0.00120002
159.5 0.00117807
160.5 0.00115686
161.5 0.00113636
162.5 0.00111657
163.5 0.00109746
164.5 0.00107899
165.5 0.00106116
166.5 0.00104392
167.5 0.00102726
168.5 0.00101115
169.5 0.000995552
170.5 0.000980454
171.5 0.000965828
172.5 0.000951651
173.5 0.000937893
174.5 0.000924539
175.5 0.000911575
176.5 0.000898984
177.5 0.000886746
178.5 0.000874852
179.5 0.000863287
180.5 0.000852045
181.5 0.000841124
182.5 0.00083051
183.5 0.000820195
184.5 0.000810187
185.5 0.000800479
186.5 0.000791062
187.5 0.000781953
188.5 0.000773135
189.5 0.00076461
190.5 0.000756391
191.5 0.000748471
192.5 0.000740851
193.5 0.000733532
194.5 0.000726514
195.5 0.000719798
196.5 0.000713383
197.5 0.000707268
198.5 0.000701451
199.5 0.00069593
200.5 0.000690701
201.5 0.000685759
202.5 0.000681099
203.5 0.000676715
204.5 0.000672597
205.5 0.000668738
206.5 0.000665126
207.5 0.00066175
208.5 0.000658595
209.5 0.000655648
210.5 0.000652892
211.5 0.000650308
212.5 0.000647877
213.5 0.000645576
214.5 0.000643384
215.5 0.000641274
216.5 0.00063922
217.5 0.000637193
218.5 0.000635164
219.5 0.000633101
220.5 0.000630971
221.5 0.00062874
222.5 0.000626374
223.5 0.000623835
224.5 0.000621087
225.5 0.000618093
226.5 0.000614818
227.5 0.000611223
228.5 0.000607272
229.5 0.000602932
230.5 0.000598169
231.5 0.000592951
232.5 0.00058725
233.5 0.000581038
234.5 0.000574294
235.5 0.000566997
236.5 0.000559132
237.5 0.000550688
238.5 0.000541657
239.5 0.000532038
240.5 0.000521834
241.5 0.000511052
242.5 0.000499707
243.5 0.000487816
244.5 0.000475403
245.5 0.000462496
246.5 0.000449129
247.5 0.000435339
248.5 0.000421168
249.5 0.000406662
