-0.245 0
-0.235 0
-0.225 0
-0.215 0
-0.205 0
-0.195 0
-0.185 0
-0.175 0
-0.165 0
-0.155 0
-0.145 0
-0.135 0
-0.125 0
-0.115 0
-0.105 0
-0.095 0
-0.085 0
-0.075 0
-0.065 0
-0.055 0
-0.045 0
-0.035 0
-0.025 0
-0.015 0
-0.005 0
0.005 0
0.015 0
0.025 0
0.035 0
0.045 0
0.055 0
0.065 0
0.075 0
0.085 0
0.095 0
0.105 0
0.115 0
0.125 0
0.135 0
0.145 0
0.155 0
0.165 0
0.175 0
0.185 2.21066e-05
0.195 5.52666e-05
0.205 0.000234883
0.215 0.000508453
0.225 0.000986509
0.235 0.00156404
0.245 0.0028186
0.255 0.00491873
0.265 0.00729243
0.275 0.0112827
0.285 0.0158007
0.295 0.022289
0.305 0.0293189
0.315 0.038565
0.325 0.0489883
0.335 0.0596741
0.345 0.0746679
0.355 0.0881115
0.365 0.105462
0.375 0.122313
0.385 0.140908
0.395 0.160116
0.405 0.18259
0.415 0.20421
0.425 0.22892
0.435 0.254859
0.445 0.282672
0.455 0.308244
0.465 0.340381
0.475 0.370361
0.485 0.39798
0.495 0.429609
0.505 0.456295
0.515 0.487783
0.525 0.51582
0.535 0.543378
0.545 0.568591
0.555 0.592925
0.565 0.617463
0.575 0.634198
0.585 0.65471
0.595 0.674012
0.605 0.685861
0.615 0.698783
0.625 0.705705
0.635 0.714172
0.645 0.720245
0.655 0.724576
0.665 0.72664
0.675 0.721157
0.685 0.715296
0.695 0.70621
0.705 0.697235
0.715 0.681783
0.725 0.667126
0.735 0.643997
0.745 0.623894
0.755 0.599924
0.765 0.576105
0.775 0.547847
0.785 0.519354
0.795 0.489574
0.805 0.458381
0.815 0.431348
0.825 0.40244
0.835 0.372483
0.845 0.342672
0.855 0.315086
0.865 0.286394
0.875 0.261002
0.885 0.237906
0.895 0.214647
0.905 0.193599
0.915 0.17375
0.925 0.153578
0.935 0.138805
0.945 0.120758
0.955 0.107195
0.965 0.0938012
0.975 0.0806229
0.985 0.0689644
0.995 0.0588727
1.005 0.0498449
1.015 0.0414721
1.025 0.0340995
1.035 0.0272796
1.045 0.0220072
1.055 0.0177958
1.065 0.013999
1.075 0.0105476
1.085 0.0084779
1.095 0.00681437
1.105 0.00536915
1.115 0.00445725
1.125 0.00389077
1.135 0.00318612
1.145 0.0027053
1.155 0.00234054
1.165 0.00167181
1.175 0.0012739
1.185 0.000828999
1.195 0.000563719
1.205 0.000414499
1.215 0.000320546
1.225 0.000245936
1.235 0.000179616
1.245 0.000151983
1.255 0.000110533
1.265 8.56632e-05
1.275 8.28999e-05
1.285 8.01366e-05
1.295 8.84266e-05
1.305 6.90833e-05
1.315 8.01366e-05
1.325 6.35566e-05
1.335 5.52666e-05
1.345 4.14499e-05
1.355 5.80299e-05
1.365 6.63199e-05
1.375 6.07933e-05
1.385 7.46099e-05
1.395 4.14499e-05
1.405 4.97399e-05
1.415 5.80299e-05
1.425 5.80299e-05
1.435 6.63199e-05
1.445 6.35566e-05
1.455 4.42133e-05
1.465 6.07933e-05
1.475 6.90833e-05
1.485 7.46099e-05
1.495 3.86866e-05
1.505 5.25033e-05
1.515 6.63199e-05
1.525 5.80299e-05
1.535 5.52666e-05
1.545 5.52666e-05
1.555 6.90833e-05
1.565 3.316e-05
1.575 6.35566e-05
1.585 6.07933e-05
1.595 4.69766e-05
1.605 5.80299e-05
1.615 7.18466e-05
1.625 6.07933e-05
1.635 4.42133e-05
1.645 4.69766e-05
1.655 3.59233e-05
1.665 3.03966e-05
1.675 5.25033e-05
1.685 8.84266e-05
1.695 5.25033e-05
1.705 4.69766e-05
1.715 5.52666e-05
1.725 7.73732e-05
1.735 5.25033e-05
1.745 6.35566e-05
1.755 5.25033e-05
1.765 3.59233e-05
1.775 6.07933e-05
1.785 6.63199e-05
1.795 5.52666e-05
1.805 4.97399e-05
1.815 4.42133e-05
1.825 6.07933e-05
1.835 5.52666e-05
1.845 4.42133e-05
1.855 4.14499e-05
1.865 3.86866e-05
1.875 5.25033e-05
1.885 3.03966e-05
1.895 5.25033e-05
1.905 6.63199e-05
1.915 2.76333e-05
1.925 3.86866e-05
1.935 6.07933e-05
1.945 7.46099e-05
1.955 6.63199e-05
1.965 5.52666e-05
1.975 3.86866e-05
1.985 5.52666e-05
1.995 3.86866e-05
2.005 6.63199e-05
2.015 4.97399e-05
2.025 3.59233e-05
2.035 6.07933e-05
2.045 2.76333e-05
2.055 5.52666e-05
2.065 4.42133e-05
2.075 6.07933e-05
2.085 3.86866e-05
2.095 6.63199e-05
2.105 4.69766e-05
2.115 4.14499e-05
2.125 5.52666e-05
2.135 5.25033e-05
2.145 7.18466e-05
2.155 4.69766e-05
2.165 4.97399e-05
2.175 3.86866e-05
2.185 4.97399e-05
2.195 3.03966e-05
2.205 4.42133e-05
2.215 2.21066e-05
2.225 3.59233e-05
2.235 3.86866e-05
2.245 7.18466e-05
2.255 4.42133e-05
2.265 4.69766e-05
2.275 3.316e-05
2.285 5.25033e-05
2.295 4.97399e-05
2.305 5.25033e-05
2.315 4.42133e-05
2.325 5.52666e-05
2.335 5.25033e-05
2.345 7.46099e-05
2.355 1.658e-05
2.365 5.52666e-05
2.375 3.316e-05
2.385 2.487e-05
2.395 2.76333e-05
2.405 4.42133e-05
2.415 2.21066e-05
2.425 3.03966e-05
2.435 3.316e-05
2.445 3.86866e-05
2.455 4.42133e-05
2.465 2.487e-05
2.475 4.97399e-05
2.485 6.07933e-05
2.495 3.59233e-05
2.505 4.14499e-05
2.515 4.14499e-05
2.525 2.21066e-05
2.535 3.03966e-05
2.545 3.86866e-05
2.555 3.03966e-05
2.565 3.316e-05
2.575 2.76333e-05
2.585 4.97399e-05
2.595 4.97399e-05
2.605 3.03966e-05
2.615 1.93433e-05
2.625 2.76333e-05
2.635 4.14499e-05
2.645 3.59233e-05
2.655 4.97399e-05
2.665 3.59233e-05
2.675 3.59233e-05
2.685 4.14499e-05
2.695 3.03966e-05
2.705 8.28999e-06
2.715 2.76333e-05
2.725 3.03966e-05
2.735 4.97399e-05
2.745 2.76333e-05
2.755 2.76333e-05
2.765 3.03966e-05
2.775 4.97399e-05
2.785 4.14499e-05
2.795 1.10533e-05
2.805 4.69766e-05
2.815 1.658e-05
2.825 4.42133e-05
2.835 3.59233e-05
2.845 3.03966e-05
2.855 2.21066e-05
2.865 2.487e-05
2.875 3.03966e-05
2.885 2.487e-05
2.895 4.14499e-05
2.905 3.03966e-05
2.915 2.487e-05
2.925 3.03966e-05
2.935 2.76333e-05
2.945 4.42133e-05
2.955 1.10533e-05
2.965 3.86866e-05
2.975 4.97399e-05
2.985 3.03966e-05
2.995 4.42133e-05
3.005 3.86866e-05
3.015 2.487e-05
3.025 3.03966e-05
3.035 1.658e-05
3.045 4.97399e-05
3.055 2.487e-05
3.065 4.69766e-05
3.075 2.21066e-05
3.085 2.487e-05
3.095 2.487e-05
3.105 4.69766e-05
3.115 3.03966e-05
3.125 3.316e-05
3.135 2.487e-05
3.145 2.21066e-05
3.155 3.316e-05
3.165 2.487e-05
3.175 4.69766e-05
3.185 1.38166e-05
3.195 3.59233e-05
3.205 3.03966e-05
3.215 2.487e-05
3.225 3.03966e-05
3.235 2.487e-05
3.245 3.03966e-05
3.255 2.76333e-05
3.265 3.03966e-05
3.275 2.76333e-05
3.285 2.487e-05
3.295 1.10533e-05
3.305 3.03966e-05
3.315 3.03966e-05
3.325 3.03966e-05
3.335 3.86866e-05
3.345 3.59233e-05
3.355 1.658e-05
3.365 5.25033e-05
3.375 3.316e-05
3.385 1.658e-05
3.395 3.86866e-05
3.405 1.38166e-05
3.415 2.487e-05
3.425 2.76333e-05
3.435 1.658e-05
3.445 2.487e-05
3.455 2.76333e-05
3.465 1.658e-05
3.475 1.10533e-05
3.485 2.76333e-05
3.495 3.59233e-05
3.505 1.658e-05
3.515 3.03966e-05
3.525 2.76333e-05
3.535 1.93433e-05
3.545 3.03966e-05
3.555 5.52666e-06
3.565 1.10533e-05
3.575 1.93433e-05
3.585 3.03966e-05
3.595 1.38166e-05
3.605 3.86866e-05
3.615 2.487e-05
3.625 2.487e-05
3.635 1.93433e-05
3.645 3.59233e-05
3.655 2.76333e-05
3.665 1.10533e-05
3.675 8.28999e-06
3.685 1.658e-05
3.695 1.658e-05
3.705 2.21066e-05
3.715 2.76333e-05
3.725 1.10533e-05
3.735 1.38166e-05
3.745 1.658e-05
3.755 2.76333e-05
3.765 2.76333e-06
3.775 2.21066e-05
3.785 1.38166e-05
3.795 1.658e-05
3.805 2.76333e-06
3.815 2.487e-05
3.825 2.487e-05
3.835 2.21066e-05
3.845 2.21066e-05
3.855 2.487e-05
3.865 2.76333e-05
3.875 2.76333e-05
3.885 1.93433e-05
3.895 1.10533e-05
3.905 1.10533e-05
3.915 2.21066e-05
3.925 1.10533e-05
3.935 3.316e-05
3.945 1.38166e-05
3.955 2.76333e-05
3.965 1.658e-05
3.975 2.21066e-05
3.985 2.487e-05
3.995 1.10533e-05
4.005 1.93433e-05
4.015 1.93433e-05
4.025 2.487e-05
4.035 1.93433e-05
4.045 1.658e-05
4.055 1.38166e-05
4.065 2.21066e-05
4.075 1.658e-05
4.085 8.28999e-06
4.095 2.487e-05
4.105 2.487e-05
4.115 3.86866e-05
4.125 1.658e-05
4.135 1.10533e-05
4.145 2.21066e-05
4.155 1.658e-05
4.165 1.38166e-05
4.175 8.28999e-06
4.185 2.21066e-05
4.195 1.93433e-05
4.205 2.76333e-06
4.215 1.93433e-05
4.225 8.28999e-06
4.235 8.28999e-06
4.245 1.10533e-05
4.255 1.38166e-05
4.265 1.38166e-05
4.275 1.10533e-05
4.285 1.93433e-05
4.295 1.10533e-05
4.305 1.10533e-05
4.315 1.38166e-05
4.325 5.52666e-06
4.335 2.21066e-05
4.345 8.28999e-06
4.355 8.28999e-06
4.365 1.38166e-05
4.375 2.487e-05
4.385 1.38166e-05
4.395 8.28999e-06
4.405 1.93433e-05
4.415 8.28999e-06
4.425 1.38166e-05
4.435 2.21066e-05
4.445 1.658e-05
4.455 1.38166e-05
4.465 1.93433e-05
4.475 1.10533e-05
4.485 2.76333e-05
4.495 1.38166e-05
4.505 2.487e-05
4.515 1.10533e-05
4.525 1.93433e-05
4.535 1.38166e-05
4.545 1.10533e-05
4.555 1.10533e-05
4.565 1.38166e-05
4.575 1.38166e-05
4.585 1.658e-05
4.595 8.28999e-06
4.605 2.76333e-06
4.615 1.93433e-05
4.625 1.10533e-05
4.635 8.28999e-06
4.645 1.93433e-05
4.655 1.10533e-05
4.665 3.03966e-05
4.675 1.10533e-05
4.685 1.658e-05
4.695 1.658e-05
4.705 1.38166e-05
4.715 2.76333e-05
4.725 2.487e-05
4.735 8.28999e-06
4.745 8.28999e-06
4.755 1.93433e-05
4.765 1.658e-05
4.775 1.93433e-05
4.785 5.52666e-06
4.795 8.28999e-06
4.805 1.93433e-05
4.815 1.658e-05
4.825 1.10533e-05
4.835 1.10533e-05
4.845 5.52666e-06
4.855 1.38166e-05
4.865 8.28999e-06
4.875 1.10533e-05
4.885 1.10533e-05
4.895 2.487e-05
4.905 8.28999e-06
4.915 8.28999e-06
4.925 2.76333e-05
4.935 5.52666e-06
4.945 2.21066e-05
4.955 1.38166e-05
4.965 2.487e-05
4.975 1.38166e-05
4.985 1.658e-05
4.995 1.38166e-05
5.005 1.38166e-05
5.015 3.316e-05
5.025 8.28999e-06
5.035 8.28999e-06
5.045 0
5.055 8.28999e-06
5.065 2.21066e-05
5.075 2.21066e-05
5.085 1.93433e-05
5.095 1.10533e-05
5.105 2.76333e-06
5.115 8.28999e-06
5.125 8.28999e-06
5.135 1.38166e-05
5.145 2.76333e-06
5.155 1.93433e-05
5.165 1.10533e-05
5.175 1.38166e-05
5.185 2.21066e-05
5.195 2.76333e-06
5.205 0
5.215 1.10533e-05
5.225 1.93433e-05
5.235 1.658e-05
5.245 8.28999e-06
5.255 8.28999e-06
5.265 5.52666e-06
5.275 8.28999e-06
5.285 1.38166e-05
5.295 8.28999e-06
5.305 1.38166e-05
5.315 1.38166e-05
5.325 2.76333e-06
5.335 1.93433e-05
5.345 0
5.355 1.38166e-05
5.365 1.93433e-05
5.375 1.10533e-05
5.385 5.52666e-06
5.395 8.28999e-06
5.405 1.93433e-05
5.415 2.76333e-06
5.425 5.52666e-06
5.435 1.658e-05
5.445 5.52666e-06
5.455 1.10533e-05
5.465 1.93433e-05
5.475 1.10533e-05
5.485 2.76333e-06
5.495 1.38166e-05
5.505 8.28999e-06
5.515 1.38166e-05
5.525 5.52666e-06
5.535 1.38166e-05
5.545 2.76333e-06
5.555 1.38166e-05
5.565 2.76333e-06
5.575 2.487e-05
5.585 1.38166e-05
5.595 8.28999e-06
5.605 1.658e-05
5.615 1.38166e-05
5.625 5.52666e-06
5.635 8.28999e-06
5.645 5.52666e-06
5.655 1.38166e-05
5.665 2.76333e-06
5.675 1.38166e-05
5.685 8.28999e-06
5.695 1.10533e-05
5.705 1.38166e-05
5.715 1.10533e-05
5.725 2.487e-05
5.735 8.28999e-06
5.745 5.52666e-06
5.755 1.38166e-05
5.765 5.52666e-06
5.775 1.38166e-05
5.785 5.52666e-06
5.795 8.28999e-06
5.805 1.10533e-05
5.815 1.10533e-05
5.825 0
5.835 0
5.845 1.10533e-05
5.855 1.10533e-05
5.865 1.658e-05
5.875 0
5.885 0
5.895 1.658e-05
5.905 2.76333e-06
5.915 5.52666e-06
5.925 0
5.935 5.52666e-06
5.945 1.10533e-05
5.955 1.10533e-05
5.965 2.76333e-06
5.975 2.76333e-06
5.985 2.76333e-06
5.995 8.28999e-06
6.005 8.28999e-06
6.015 5.52666e-06
6.025 5.52666e-06
6.035 8.28999e-06
6.045 5.52666e-06
6.055 1.38166e-05
6.065 0
6.075 8.28999e-06
6.085 1.38166e-05
6.095 2.76333e-06
6.105 8.28999e-06
6.115 1.38166e-05
6.125 8.28999e-06
6.135 5.52666e-06
6.145 8.28999e-06
6.155 0
6.165 8.28999e-06
6.175 1.10533e-05
6.185 1.658e-05
6.195 8.28999e-06
6.205 1.10533e-05
6.215 8.28999e-06
6.225 5.52666e-06
6.235 2.76333e-06
6.245 8.28999e-06
