# List of selected events
# Recoil energy (PE), recoil time (microsecond)
151.773 1.044
128.411 1.894
233.007 5.588
12.1995 4.41
148.863 5.4
105.338 3.802
139.35 2.3
80.3998 0.806
115.404 2.63
7.38225 1.566
37.9935 3.646
102.365 1.256
154.177 5.302
40.3697 2.718
226.733 3.056
105.952 2.882
117.89 4.864
244.998 0.272
114.069 2.61
203.415 4.058
174.519 2.068
169.477 4.4
17.6082 2.648
207.313 2.214
72.7628 3.884
79.2636 2.446
193.711 5.6
80.6658 2.804
15.1869 3.842
114.166 0.41
207.045 4.404
224.241 5.064
78.7358 3.462
54.4611 3.912
169.682 1.04
246.043 5.548
232.637 5.682
121.839 4.93
21.483 0.554
100.309 2.044
161.886 1.192
33.6737 2.08
163.129 2.366
55.6482 0.076
117.513 4.61
10.9582 4.5
175.362 2.662
16.1409 4.71
40.835 1.798
45.4476 0.39
116.796 5.626
221.861 4.73
42.898 3.132
159.758 3.662
184.295 3.038
96.3423 5.388
219.703 5.216
104.829 2.432
232.556 0.498
46.9448 2.264
102.277 3.888
174.506 5.008
172.876 4.852
73.6346 1.168
226.512 5.078
120.204 2.2
66.0204 1.836
215.044 3.826
195.479 2.8
160.486 1.73
228.066 1.244
36.2574 4.042
18.9427 4.236
108.269 1.39
18.2185 0.332
224.505 4.306
35.9256 0.74
247.856 0.138
134.549 5.152
208.029 0.134
33.8149 1.68
92.1025 2.92
120.193 4.002
78.8274 5.536
193.348 4.866
61.2568 3.308
11.8118 2.824
156.627 2.454
168.033 4
248.859 5.916
157.647 1.476
172.404 5.084
246.069 0.464
25.9462 5.98
151.126 3.408
89.3338 1.86
186.803 1.288
41.8624 0.936
48.9962 3.85
143.868 0.412
173.787 5.126
215.506 1.712
26.5586 2.912
114.281 4.868
146.758 1.694
228.292 0.964
28.822 3.542
10.3024 0.114
197.321 4.498
102.922 4.12
227.48 1.776
125.762 2.168
227.205 1.89
200.951 0.888
128.355 2.724
21.1754 0.872
129.034 2.536
231.966 0.25
233.267 5.8
35.3602 0.642
142.86 1.872
110.079 2.056
67.4843 5.312
183.505 4.764
14.8506 2.008
157.08 4.302
236.055 3.994
130.236 2.412
198.674 3.92
224.109 3.286
155.754 5.536
178.757 0.854
245.337 1.326
239.268 0.352
216.721 1.732
139.827 5.308
118.411 4.918
196.118 1.684
222.88 1.406
83.2583 4.526
165.646 4.476
79.8102 1.656
42.2083 4.146
110.704 1.758
39.7294 1.874
148.203 1.262
65.7012 0.702
90.6529 4.556
225.46 5.178
214.445 4.53
121.003 2.176
201.626 4.256
176.168 3.52
95.7593 0.508
238.066 2.156
52.9069 0.668
30.491 4.29
50.7615 3.012
46.6912 2.768
204.247 4.12
218.12 1.168
140.613 0.516
137.608 4.262
155.066 3.904
58.6141 4.8
37.2838 0.698
92.4986 0.228
216.292 4.986
19.7688 0.894
11.6275 2.582
110.572 3.286
225.985 5.308
63.5654 3.038
101.744 0.356
116.515 4.904
26.8556 4.048
102.717 3.868
53.9909 4.492
211.43 1.072
145.227 5.132
26.6469 4.32
172.456 1.668
92.1371 0.788
72.2123 3.67
30.3884 0.478
75.4714 1.592
213.846 2.914
10.697 0.542
226.131 5.61
162.874 3.688
81.2807 5.078
185.94 0.522
123.567 1.278
242.257 2.922
141.96 1.35
237.506 1.54
222.536 0.818
183.789 1.942
10.71 1.488
117.456 5.236
153.986 0.872
160.055 1.48
95.9356 2.414
109.895 2.15
145.228 5.658
244.842 5.602
76.2798 2.654
242.005 3.914
129.617 4.014
147.938 0.522
52.3354 1.65
38.1983 2.246
41.7344 5.944
214.511 2.07
27.7357 5.558
126.828 1.536
115.492 4.148
221.66 3.418
65.8502 4.12
137.135 1.452
90.9703 2.014
11.3056 0.766
215.167 3.696
242.448 0.552
160.792 5.214
9.59341 2.56
109.508 2.954
146.563 0.47
52.302 2.22
160.327 5.498
210.665 4.278
20.1004 3.068
55.6548 5.18
24.5661 1.456
110.941 0.72
162.734 3.088
23.35 0.674
119.916 2.344
96.0626 0.91
201.597 0.946
236.795 5.534
53.2573 2.28
193.411 1.258
186.927 0.65
183.068 0.418
13.9379 5.71
46.1883 4.052
14.6078 3.13
18.7086 5.138
147.361 3.496
67.7972 2.628
21.8727 2.122
179.319 3.436
23.1998 2.75
138.553 1.174
44.4371 4.326
102.742 1.596
77.4651 1.674
26.6019 1.206
18.406 4.922
54.8057 0.67
232.611 4.458
245.327 2.666
249.389 0.496
116.237 0.928
39.5511 3.752
240.585 4.896
237.933 0.918
233.775 0.518
190.53 4.294
48.1684 3.444
98.9142 5.092
182.107 4.05
196.749 3.73
35.1721 4.114
243.526 1.746
158.676 0.184
248.274 5.08
146.067 0.668
64.403 1.68
194.912 3.86
43.3368 3.426
156.127 0.078
143.865 5.37
206.594 1.644
180.944 3.042
100.098 1.314
105.973 4.382
207.726 0.376
143.533 1.762
195.031 3.152
212.971 2.042
209.646 4.168
230.608 2.144
211.253 0.026
61.4798 4.268
169.664 3.784
122.988 3.07
62.4252 3.38
64.7066 0.414
35.7606 5.39
28.0472 2.724
157.477 1.45
214.549 3.564
160.035 0.424
72.7043 0.026
53.7871 3.842
25.522 3.748
112.096 1.736
178.034 3.368
196.949 2.73
133.264 5.886
97.8419 3.73
124.718 1.514
50.7045 0.598
70.6514 4.892
55.2205 2.768
65.3418 3.132
225.269 1.53
235.871 1.766
161.981 1.594
112.99 1.662
102.65 0.558
160.366 4.366
191.547 4.504
245.542 4.022
189.694 1.924
19.8814 4.926
129.08 4.81
37.8383 2.258
50.2119 0.74
56.9773 2.602
216.402 0.09
87.3612 3.45
24.8372 3.676
61.4806 2.65
165.326 3.618
190.372 4.834
13.2839 5.478
80.7296 3.276
92.2899 2.392
171.888 1.934
219.336 2.11
192.833 4.688
206.111 0.18
172.349 1.084
214.794 5.592
81.8931 4.59
217.319 4.526
171.216 4.176
17.7524 5.864
122.849 4.752
216.608 5.918
174.659 1.538
222.956 4.612
90.8951 2.802
51.6884 2.842
153.559 2.978
189.359 3.666
98.4962 2.51
47.5832 1.552
73.4559 1.142
10.6662 2.832
113.785 2.708
187.775 2.148
213.778 4.716
196.166 1.878
206.053 2.118
91.8376 1.304
197.142 3.332
178.554 1.152
164.208 5.194
100.756 5.49
101.931 4.194
126.451 2.646
53.5312 3.898
172.799 0.214
223.941 3.596
204.947 5.728
168.991 3.314
88.5733 1.56
54.0406 5.376
108.648 1.164
175.149 3.75
21.6019 3.296
232.405 4.976
169.104 1.176
21.9822 4.392
138.905 1.362
84.0242 0.05
136.328 3.64
50.0811 2.14
129.862 2.144
192.062 1.362
72.4023 2.142
39.4074 5.724
173.269 2.83
32.6546 5.702
23.7285 0.276
187.476 1.402
58.9389 0.622
10.4982 4.53
189.201 3.41
17.1614 0.38
180.476 1.984
201.066 2.368
164.202 0.356
40.8506 2.674
205.487 4.718
94.4914 4.414
140.244 4.288
193.48 0.98
102.632 0.896
195.977 3.644
183.969 1.498
222.442 4.912
226.81 0.064
71.2651 3.104
52.749 4.03
152.524 4.482
166.04 1.672
210.928 1.628
91.0812 5.296
191.276 4.008
61.1579 5.766
35.0126 3.94
47.8915 4.842
19.1577 0.492
148.027 1.774
145.168 4.382
179.922 2.634
180.845 0.784
209.914 4.368
240.663 4.124
159.775 1.126
244.058 5.878
159.981 4.408
26.4563 2.936
90.121 0.962
160.097 5.688
67.6809 4.69
13.0395 5.416
39.8329 1.89
168.193 1.622
20.3252 2.088
11.6805 3.338
158.289 3.416
208.436 5.538
59.2421 2.484
143.48 2.484
141.211 3.734
105.939 0.85
34.852 4.324
53.1421 0.944
90.7726 0.066
114.37 4.13
83.0285 2.356
165.424 5.134
213.546 0.078
107.804 5.668
53.2321 1.158
66.4832 5.428
22.265 5.956
75.068 3.146
25.7942 4.036
142.14 2.1
130.548 1.04
81.3499 4.486
20.9351 5.088
11.1587 1.474
226.63 2.048
15.5127 5.3
136.384 2.664
9.4492 2.932
29.3352 1.194
102.403 2.574
119.632 0.116
37.1259 4.39
39.2226 1.428
248.266 2.29
14.0997 5.994
222.077 3.118
170.851 0.062
234.057 2.624
31.4058 5.262
158.003 1.774
194.728 1.27
239.429 4.942
183.338 2.674
97.6007 1.922
160.938 1.246
50.1532 1.134
232.435 5.166
33.0578 3.888
246.984 0.626
140.626 1.766
184.517 3.17
23.5593 2.366
88.7083 1.656
36.591 1.47
80.7011 2.752
27.7474 0.412
108.462 3.006
44.1559 4.886
184.608 2.354
99.4444 2.266
152.036 4.76
129.365 1.632
144.519 4.642
226.028 4.878
28.938 5.708
16.8608 2.142
164.368 1.916
13.6748 3.706
72.9839 5.39
47.4052 2.054
115.633 0.892
181.321 1.334
135 5.222
209.897 0.41
166.408 0.562
16.5751 3.098
191.11 2.094
127.948 4.562
110.626 3.666
103.496 0.296
234.172 0.264
184.022 2.326
231.946 4.22
142.668 4.858
17.2888 0.67
121.696 0.152
143.04 5.81
28.0031 0.372
72.2564 4.328
11.4068 1.816
25.3375 2.07
55.6248 2.212
27.8759 3.342
70.9122 3.624
163.037 1.828
111.816 1.638
126.608 1.24
202.152 1.802
135.839 4.13
186.815 2.178
141.891 1.508
153.106 5.46
26.3124 0.25
97.848 1.84
220.565 5.316
112.229 0.24
124.921 5.596
138.076 2.786
11.755 1.498
22.063 2.466
99.8253 0.108
231.108 2.912
43.6097 0.84
232.721 5.09
191.268 5.788
210.787 4.2
153.986 2.37
144.408 5.332
24.6911 5.644
16.708 5.346
214.13 1.12
234.222 1.888
180.318 4.304
27.9349 5.684
44.9269 0.062
46.1417 4.416
122.227 2.296
102.104 5.132
183.158 5.352
231.982 0.772
163.896 1.622
194.744 0.932
175.109 1.93
55.7414 1.446
56.4896 1.55
130.408 5.52
241.694 0.438
161.692 3.764
31.8423 3.858
56.7057 2.148
211.256 5.526
110.519 5.388
148.19 1.184
214.884 1.772
40.8498 0.818
181.908 5.652
211.101 2.86
160.458 5.934
10.8866 1.96
115.14 4.298
84.8113 3.07
52.6604 0.524
33.1929 5.232
90.9302 3.724
19.7933 0.842
152.942 4.25
76.3984 4.946
224.4 1.026
188.977 2.524
129.676 4.11
178.81 0.572
59.5473 5.274
56.8186 3.512
199.595 0.272
223.274 2.736
246.062 4.412
143.147 5.16
34.1904 4.78
226.579 0.962
167.152 4.896
59.1032 0.374
122.257 5.334
155.419 1.058
21.4064 3.352
227.516 0.708
22.4169 4.318
84.5957 2.148
140.253 1.45
146.868 1.748
77.4892 1.234
80.5104 0.236
227.625 2.742
215.254 0.27
131.849 1.854
85.9479 2.1
10.5096 3.586
20.9812 0.544
18.1874 1.534
147.682 2.428
34.0273 4.402
209.088 3.242
70.9774 2.966
19.0068 4.522
83.2011 4.728
32.9534 4.58
110.726 2.152
228.144 5.994
46.9639 5.03
16.7394 2.562
178.372 4.268
198.698 5.674
43.3197 3.146
37.7709 3.35
189.52 3.988
197.341 2.114
213.593 1.232
180.521 2.398
222.112 1.346
113.896 3.806
11.6059 2.744
88.6788 4.454
48.6865 1.098
19.3282 0.804
42.845 4.64
203.994 1.228
119.711 4.564
18.4275 3.328
204.417 0.654
157.282 0.15
45.599 5.076
152.992 0.512
205.037 1.834
105.562 5.188
185.951 1.148
63.5004 2.672
193.619 2.67
229.966 1.984
216.125 5.122
127.423 4.508
125.695 2.378
60.3635 2.918
35.2977 5.224
242.192 0.242
78.3195 2.904
185.525 0.348
85.8959 0.31
66.61 4.278
113.81 4.332
113.974 0.176
164.569 4.93
245.159 2.052
182.662 2.614
208.398 1.88
247.484 1.786
83.0831 2.094
85.7012 1.96
131.473 3.77
103.12 0.58
140.874 4.56
240.2 0.802
236.365 1.658
15.7648 2.032
241.273 2.992
31.3676 4.69
139.95 1.866
83.4236 0.344
225.376 0.976
143.617 2.6
135.281 5.178
94.8097 2.824
144.271 3.174
12.8101 4.28
167.874 5.696
245.292 5.392
110.647 0.872
134.725 3.056
44.5087 5.742
159.066 4.564
62.2565 5.288
195.308 0.402
103.34 2.552
50.7401 2.666
61.2988 2.754
128.867 4.6
36.251 0.02
190.021 3.104
220.142 5.14
190.427 1.714
87.1143 1.92
245.54 0.28
182.498 5.402
205.009 1.322
151.62 1.97
232.207 4.226
195.163 1.274
34.5834 5.062
163.819 0.634
168.407 1.946
150.357 3.27
219.273 5.81
91.1727 0.848
150.207 2.032
139.776 1.944
94.4956 5.542
160.638 3.124
13.4316 1.584
206.189 4.258
57.6154 3.364
98.9945 1.202
42.5328 2.522
85.6312 0.608
46.3025 5.912
229.595 1.81
82.5644 5.274
130.536 1.62
162.352 3.606
214.732 1.282
227.81 4.72
102.78 1.178
33.0801 5.682
45.2975 4.846
160.14 0.708
99.4376 3.008
100.625 3.744
204.573 0.41
207.468 3.236
132.363 3.114
79.1213 0.06
222.596 2.94
242.743 2.706
20.285 2.762
152.517 2.888
78.8131 1.838
19.8555 0.942
106.25 0.078
167.766 5.782
189.572 2.436
66.9551 1.54
115.139 3.752
117.707 5.262
106.863 0.612
137.385 0.744
177.524 1.068
243.617 5.282
188.8 1.428
173.177 1.68
235.831 4.316
243.378 3.288
111.844 0.612
119.956 4.144
166.816 2.342
217.873 0.484
161.516 0.5
224.666 0.974
142.542 0.454
194.785 3.1
146.327 3.25
133.335 3.552
84.3628 5.418
31.9528 4.18
26.4449 1.366
58.6503 4.684
131.244 3.112
116.816 5.028
163.352 5.586
18.5847 5.452
100.451 4.458
98.3431 1.892
225.533 5.146
86.7911 4.718
141.447 2.73
99.1864 1.652
240.715 5.04
14.6962 2.814
76.4603 4.634
72.0064 4.9
111.574 2.344
237.824 4.888
119.242 4.9
47.2123 2.832
161.542 5.288
241.245 4.806
230.94 1.98
26.9231 0.434
213.716 0.668
51.2338 3.158
74.3834 1.228
168.42 2.134
15.0132 5.356
147.234 4.43
133.974 2.148
157.356 3.142
47.1897 2.484
228.425 4.984
18.0238 1.474
66.2101 1.046
152.317 3.086
222.4 2.502
118.192 2.002
182.274 1.982
129.914 2.424
170.858 2.718
246.993 5.488
58.4448 0.192
149.654 0.846
21.2716 2.492
86.3135 4.946
165.162 3.306
199.357 1.398
45.7715 5.88
202.16 1.228
40.6106 2.204
66.8207 0.82
196.314 0.068
193.445 1.46
229.07 2.488
139.067 0.164
198.577 4.432
77.4426 5.018
15.8883 1.628
79.2857 4.572
112.494 2.946
70.683 3.868
61.915 0.888
184.007 5.594
13.0163 2.19
92.0135 5.792
75.5911 1.968
11.5251 4.776
223.56 1.948
42.7967 4.552
70.3244 3.314
226.06 5.73
200.923 5.704
175.654 1.66
157.673 0.496
15.7285 4.29
177.313 5.644
91.2366 5.194
247.108 3.84
33.0214 1.502
38.4554 4.04
242.784 5.204
234.804 2.94
44.3564 2.438
163.853 1.77
38.9393 3.358
29.2019 5.52
145.765 0.826
236.892 3.484
222.621 0.828
140.224 0.008
31.0703 0.638
208.398 5.738
120.722 5.326
187.266 3.872
232.692 5.05
22.0441 2.156
235.163 5.134
101.962 0.332
178.204 1.842
50.7915 3.824
227.848 3.952
61.1491 4.182
115.397 4.25
184.006 0.4
159.833 3.212
178.214 1.068
101.905 4.78
249.635 3.618
128.965 3.49
20.306 4.414
189.206 5.814
190.315 4.262
108.779 2.626
25.8617 4.372
194.691 5.88
67.584 0.648
100.74 0.606
51.8291 4.922
194.687 2.588
80.6266 4.662
46.6346 4.814
27.256 2.34
50.4101 2.488
240.124 5.418
108.063 4.584
194.252 3.164
138.841 2.492
14.8394 4.358
37.9596 1.902
241.601 3.132
12.2472 3.32
40.6492 2.97
189.168 4.756
166.772 3.53
100.633 1.898
13.3501 5.924
24.7626 5.176
189.458 3.354
218.006 3.606
197.928 4.876
50.9407 3.702
25.0604 2.196
63.3616 4.894
8.81987 0.318
148.015 1.588
7.53941 4.292
97.673 5.934
15.7054 5.524
49.3823 4.692
23.7393 4.418
158.767 3.734
122.182 1.676
37.7907 4.798
21.9813 5.446
11.4939 5.338
165.984 3.078
181.559 3.072
61.7177 1.412
19.6128 0.242
140.709 4.784
229.946 4.542
12.9582 2.276
58.6768 3.436
87.0549 0.61
116.747 4.892
71.3707 4.35
82.525 5.292
148.507 1.51
41.1807 2.916
106.799 1.884
198.724 3.794
116.173 5.97
69.8918 4.752
89.517 2.506
182.133 0.046
185.915 4.256
66.912 4.212
198.987 4.62
123.314 2.144
28.1412 1.106
13.0745 5.776
31.3184 4.128
30.4149 1.23
229.983 1.044
193.749 4.396
81.4098 1.156
179.986 3.08
49.3454 4.976
153.536 0.214
18.6472 0.002
79.3603 4.626
93.9159 5.174
84.4593 1.988
236.252 1.768
77.1463 0.972
220.246 2.68
221.199 4.52
149.078 5.018
92.1448 0.806
15.6487 3.5
46.5418 3.696
164.347 0.974
17.436 3.46
65.7561 3.89
44.5812 4.24
124.553 2.428
23.885 4.012
124.473 3.48
245.116 0.784
156.74 0.746
157.322 1.558
44.7605 1.22
83.5065 5.056
213.635 4.556
211.518 1.734
241.59 1.242
185.927 0.104
147.645 2.744
94.7187 5.538
51.3383 1.628
132.348 4.876
137.941 2.59
6.76705 3.942
17.1546 0.138
174.777 4.522
175.167 3.998
116.114 2.606
18.371 3.414
16.2764 5.29
180.381 3.652
96.6713 1.618
135.724 3.518
92.1231 3.476
56.2545 1.676
9.09804 3.044
65.2717 1.922
189.132 2.612
163.574 1.198
126.53 3.178
168.389 2.308
10.4085 4.286
148.572 0.912
35.1444 2.102
108.709 2.766
15.62 5.314
31.9275 4.272
192.164 0.572
114.339 0.566
219.124 1.75
31.6436 1.692
140.734 3.08
26.8443 5.524
234.046 1.684
63.2799 3.588
28.0735 1.482
141.986 4.67
151.123 2.646
218.478 0.578
190.744 3.756
242.928 1.044
237.322 1.92
100.754 3.772
47.6771 2.014
144.253 0.292
138.057 1.792
123.575 5.644
178.174 2.886
32.784 2.676
137.089 0.666
187.027 5.09
12.0751 1.22
141.196 4.226
212.144 2.476
211.439 2.038
28.9106 3.694
176.401 2.632
193.233 0.106
247.109 2.772
184.065 1.076
20.7123 3.018
109.382 4.168
69.8266 0.458
92.228 3.782
66.5434 2.212
45.9211 4.068
163.084 3.936
177.87 1.608
184.196 4.798
26.3469 4.986
37.9627 2.982
97.0373 4.708
116.302 2.948
172.076 4.996
15.3419 4.094
110.866 5.228
132.012 2.678
169.499 2.698
225.984 4.33
221.287 2.602
202.516 5.412
53.5275 2.422
240.903 4.626
116.151 4.098
79.601 5.674
29.4116 2.682
142.119 4.278
104.188 5.298
97.5169 4.906
81.0076 1.884
77.3749 4.508
79.6283 3.86
56.4697 5.782
40.3379 0.254
183.031 0.264
144.351 2.456
190.62 2.704
171.808 5.986
158.786 1.988
242.089 1.42
50.5151 1.716
130.694 1.526
187.186 2.154
110.593 2.256
244.367 1.036
140.877 1.814
13.4942 1.666
236.245 0.098
164.869 3.966
173.331 4.46
28.2308 1.85
150.924 1.634
114.472 5.128
249.444 5.962
147.172 3.908
248.585 2.39
213.961 5.654
148.851 1.806
162.929 3.882
42.9756 5.418
96.3755 5.786
223.311 4.926
83.3827 3.744
29.653 1.702
194.833 5.924
151.746 3.304
54.5938 2.042
129.068 5.93
119.61 3.03
220.299 4.624
164.378 3.11
42.3781 3.742
9.70252 5.132
194.239 5.818
58.5699 3.37
62.9314 2.862
81.7398 1.798
192.069 1.388
119.684 1.044
43.0373 0.75
139.099 2.568
74.9566 1.976
160.737 1.55
13.6277 4.926
46.806 1.342
109.45 1.668
247.985 4.22
247.385 5.51
13.2991 1.074
47.9131 0.562
67.6453 1.004
191.529 1.39
181.742 4.576
160.138 0.948
71.3995 0.234
63.4127 2.298
194.16 4.48
8.53213 5.41
202.612 3.662
185.503 5.44
29.6601 1.56
184.895 0.33
109.357 3.68
19.367 1.422
194.294 5.824
119.845 2.796
196.631 3.918
91.4709 5.688
236.515 0.878
107.388 0.482
174.012 5.636
77.161 2.488
135.11 3.732
195.724 1.322
199.635 1.252
162.113 3.918
53.0386 1.288
114.774 3.298
169.648 0.03
246.474 3.104
231.474 3.16
17.5661 1.954
218.182 3.636
54.1638 0.26
11.842 0.204
24.1352 1.728
148.246 3.63
142.013 3.628
99.9119 2.412
118.858 0.466
106.586 2.326
202.53 4.088
56.6879 4.582
162.266 0.436
144.873 4.338
28.5922 0.36
126.057 3.446
194.265 0.08
93.835 0.788
221.242 5.818
144.792 2.612
85.901 3.574
87.1807 0.314
48.8935 5.034
117.292 1.758
14.3602 2.49
14.0435 4.198
21.1845 0.406
47.9523 4.804
129.203 1.878
84.4198 1.488
57.2259 1.606
117.461 5.182
168.516 2.664
106.058 1.988
169.727 0.664
185.407 5.81
84.7053 5.97
176.203 4.274
24.3735 4.542
184.681 1.086
19.923 2.094
137.886 3.858
44.6827 3.806
20.2577 5.554
120.998 0.148
28.8703 5.678
20.4374 3.884
159.204 1.654
40.5548 5.53
229.251 2.208
18.4083 1.024
193.864 4.508
76.5108 5.968
81.7573 0.584
28.2701 1.502
227.79 4.036
57.4612 2.114
170.156 4.732
246.615 1.552
86.1321 5.088
236.136 1.078
102.936 0.98
43.5566 1.404
181.017 2.476
42.1085 2.726
96.7905 5.058
82.4651 5.638
36.7428 0.604
71.0314 5.154
195.626 4.448
79.7282 2.312
47.9185 0.068
14.3752 5.808
75.3346 0.262
28.3224 2.904
189.725 2.766
235.844 0.644
181.899 3.21
186.045 3.822
112.077 0.098
165.207 3.448
21.7025 5.99
28.3242 1.41
35.9675 2.946
102.042 0.344
74.0707 2.564
211.738 1.688
212.328 1.216
149.072 3.092
246.631 4.542
218.377 1.242
37.7294 5.666
24.985 2.488
11.9132 4.262
8.85836 5.348
52.6914 5.078
47.0635 2.834
20.1372 3.028
81.3337 2.756
14.5719 2.832
145.056 1.358
31.5158 5.026
215.323 3.446
13.2932 2.374
179.971 2.726
136.309 3.374
134.792 3.278
204.132 2.004
138.257 0.07
125.672 1.154
243.783 2.02
246.862 0.042
53.1636 3.992
51.0041 2.834
24.4049 3.56
9.46007 4.406
112.944 2.918
164.129 2.71
225.131 4.006
27.8782 2.182
238.871 3.174
148.163 2.224
77.7814 4.17
201.472 0.848
124.877 2.034
73.932 1.126
78.2127 1.48
168.05 4.178
17.2599 1.218
213.832 2.602
238.468 0.614
82.7225 0.44
111.428 3.842
62.966 1.836
77.6281 4.536
86.6362 5.658
169.065 5.806
148.055 4.666
110.289 3.748
200.811 1.378
43.7788 3.574
26.2751 1.696
207.873 4.494
78.4029 0.022
74.6875 0.79
51.3107 3.316
132.351 1.292
218.26 3.19
21.4019 1.346
135.957 1.088
70.8875 1.81
45.5305 2.024
145.674 0.07
88.6652 4.436
85.4683 1.752
199.742 5.53
234.672 5.584
76.0264 4.704
45.5093 0.83
69.0648 1.776
141.204 0.252
22.7021 1.086
104.427 1.866
207.138 1.89
147.133 3.626
224.448 1.842
122.013 4.932
71.7065 0.9
30.1953 0.26
180.428 5.484
158.875 4.822
54.706 5.282
106.889 2.952
123.071 4.672
215.078 1.208
110.929 4.126
65.3044 4.582
226.757 3.388
126.517 3.892
177.011 3.108
50.2266 5.054
33.2876 2.126
115.58 4.104
105.246 1.548
104.27 0.374
195.757 0.076
162.053 3.022
53.1471 3.058
211.072 0.222
215.953 2.614
198.767 0.686
242.178 1.752
212.882 0.278
38.9955 0.29
14.9279 3.532
204.15 1.004
85.3277 5.168
71.242 4.07
31.6237 2.414
246.701 4.872
217.698 3.904
14.5889 0.476
116.058 1.78
96.8574 1.292
197.127 5.132
78.0127 2.13
207.136 2.67
25.0347 1.892
13.3914 3.122
66.568 0.422
42.0645 0.646
160.334 5.78
139.951 0.95
147.894 0.002
178.445 2.592
247.761 0.392
239.961 0.902
226.069 1.816
73.2489 0.204
118.433 0.03
119.581 1.044
22.8732 5.432
171.781 0.424
13.12 1.646
188.687 4.67
139.377 1.744
129.111 4.75
14.2532 1.978
144.8 2.46
26.9074 5.204
109.08 1.492
235.158 0.484
12.7464 2.706
141.91 2.554
83.6371 5.306
133.989 2.942
147.468 1.054
14.6258 2.002
241.285 4.87
15.9897 5.592
49.756 1.716
141.184 1.474
232.089 4.324
224.476 5.73
12.1809 5.322
133.464 0.778
23.3695 0.098
91.1523 4.98
49.6183 2.446
184.144 1.886
81.0859 4.872
217.301 3.13
58.2293 0.896
17.9367 1.652
47.6128 2.256
150.14 1.096
56.8289 1.044
227.794 1.78
233.33 0.426
190.886 4.66
77.1032 4.352
165.198 0.028
128.129 0.254
78.4062 1.604
242.279 2.184
22.8214 0.86
48.354 2.026
221.923 5.232
181.387 1.33
117.737 0.458
58.9946 4.388
186.864 2.838
124.487 1.546
136.415 2.664
140.856 0.152
56.9016 3.974
24.6079 3.536
222.341 2.392
58.4564 2.264
47.6931 1.484
42.7416 5.118
76.7594 5.152
137.83 3.03
136.394 2.934
177.24 4.672
241.772 1.634
181.828 1.826
85.4813 5.272
205.157 4.788
106.873 4.09
171.506 2.54
182.113 1.756
25.4266 1.29
197.96 5.71
243.132 4.296
106.934 0.96
9.14533 3.766
186.461 4.122
214.608 0.14
96.6091 3.4
26.5473 3.974
60.4098 2.782
237.268 0.582
231.088 0.042
210.878 3.358
85.0557 3.9
55.1968 2.642
114.704 0.898
63.5979 4.832
48.5737 1.794
66.7721 0.946
28.9651 1.018
207.663 3.026
133.022 1.884
45.5013 4.624
247.747 2.686
61.5547 5.56
28.8533 1.904
69.7053 4.662
21.589 2.772
197.339 2.95
165.305 4.736
202.455 1.766
17.3165 3.914
51.4121 3.018
106.712 1.618
232.747 3.182
20.3587 3.746
131.182 2.532
81.8106 4.752
239.366 0.674
149.928 1.054
20.4788 3.638
35.3123 3.676
73.1305 0.084
244.496 5.454
66.658 4.504
22.2783 5.856
164.267 4.288
87.8879 2.252
14.3408 4.364
51.2554 3.842
59.061 3.746
71.6983 4.304
21.069 5.6
8.58769 5.96
27.0528 5.96
236.587 3.474
205.76 2.674
71.5409 4.216
231.939 1.046
247.718 4.822
177.617 2.732
155.441 2.086
136.571 0.316
101.77 3.394
54.0366 2.112
88.0302 1.544
51.7836 2.67
74.9225 0.594
78.2889 2.4
100.341 5.948
27.8391 3.892
146.693 3.662
55.1374 0.808
165.106 1.02
169.079 3.006
181.322 0.134
13.9173 1.75
60.7522 1.944
32.0811 2.156
188.618 2.052
49.0291 4.604
173.839 5.402
45.4363 2.864
60.9014 5.072
31.1244 4.408
20.7399 4.516
55.4814 1.578
143.131 2.264
13.4087 0.082
248.144 3.364
14.2902 5.62
30.1424 1.924
38.3966 1.956
185.41 5.354
111.178 2.456
11.5991 5.97
12.8664 3.414
95.2482 3.494
62.5758 5.75
234.155 0.828
9.9823 5.996
28.108 0.348
209.918 3.16
110.306 1.438
108.988 5.83
248.135 4.098
11.7309 1.796
99.8901 3.79
98.5469 4.17
37.6681 3.764
21.9793 2.348
24.6721 1.606
11.3403 2.166
241.646 1.894
194.269 4.808
104.509 1.062
38.8734 5.97
18.5909 2.676
187.691 4.918
105.28 5.372
183.811 1.344
33.5626 5.448
37.7836 2.494
175.134 4.688
59.6737 5.35
23.3567 1.4
60.2722 4.498
136.221 2.598
161.939 2.904
60.6662 1.302
24.2868 4.78
157.891 1.744
44.8659 3.366
229.721 0.758
72.094 3.02
46.6023 3.172
15.336 1.034
200.084 1.852
217.494 4.54
45.9521 2.334
134.37 0.25
163.165 0.05
149.426 0.008
34.6445 2.662
77.4309 1.376
19.6681 5.904
101.839 4.436
10.4977 5.908
227.079 0.612
158.452 2.212
20.0425 0.39
30.7889 4.34
38.9888 4.554
93.7172 0.288
91.9863 4.452
211.681 2.366
92.9779 2.054
71.651 1.412
97.2725 4.084
106.411 4.956
84.7686 0.522
104.103 3.238
159.672 5.506
82.5601 4.99
155.485 2.156
191.949 3.732
45.4195 3.912
66.8329 4.86
217.275 0.376
176.94 4.368
200.771 4.304
96.3699 0.772
8.89545 1.296
15.9659 3.56
17.5274 3.816
196.023 4.534
99.971 2.442
135.785 0.722
160.272 3.71
52.7116 5.518
170.987 3.748
43.5226 3.672
192.03 0.896
50.3087 1.934
46.0539 0.798
53.048 2.242
164.336 2.692
16.0035 2.326
151.577 2.802
174.845 3.138
103.755 3.248
14.9414 1.662
174.321 1.448
77.0128 1.684
241.28 2.014
171.316 1.436
15.1207 3.606
58.0822 5.258
176.929 5.87
203.175 1.236
85.3631 0.688
174.993 0.586
62.5796 0.544
162.7 4.96
54.226 5.304
37.8894 4.96
60.0104 3.41
37.5873 2.65
117.559 4.558
39.8482 0.264
177.25 3.668
219.504 2.58
28.1593 2.152
64.0909 5.58
104.206 0.862
212.421 0.302
235.386 1.266
207.041 5.504
196.769 4.072
136.996 2.634
161.061 0.032
18.5131 3.602
116.288 3.554
10.2161 2.996
35.5914 2.286
153.396 2.938
44.7208 3.358
231.309 1.466
193.466 0.982
170.78 1.656
59.7904 5.65
12.6009 0.392
82.2633 4.724
42.95 1.998
40.0146 0.14
102.003 2.242
196.511 3.75
202.539 3.874
212.305 3.564
94.9557 0.136
15.1263 1.022
216.885 0.824
41.6341 5.1
151.275 2.226
131.725 0.152
139.061 4.456
166.166 4.53
213.03 1.096
59.7212 3.254
58.6054 3.368
10.1369 0.428
104.404 3.734
45.7905 1.756
32.1891 0.146
152.402 5.832
69.8906 0.8
67.2662 1.188
168.081 1.336
129.209 2.308
99.8129 4.626
221.996 0.034
220.607 5.59
226.218 0.3
176.164 2.02
211.797 2.298
236.756 5.358
218.969 2.366
245.891 2.934
142.206 0.44
137.842 2.118
175.588 4.404
11.0135 2.5
9.21785 5.73
67.6217 3.936
177.846 2.87
207.074 2.872
244.59 2.474
132.992 2.914
16.4703 3.414
104.962 0.84
75.5201 2.282
169.1 5.848
187.024 0.166
106.614 3.212
168.06 2.846
56.825 3.204
91.2423 0.96
214.287 0.832
213.856 1.118
191.627 5.782
151.079 4.538
91.5022 5.906
20.756 3.598
207.697 4.334
57.1828 1.58
183.683 1.394
27.6007 5.816
183.057 5.39
214.419 2.27
14.7899 4.848
20.8996 1.308
194.547 0.744
162.006 4.2
133.226 2.972
171.737 2.948
197.284 1.342
228.995 3.708
34.5058 4.274
26.8157 2.104
143.656 0.382
213.317 1.552
197.549 4.362
50.6815 3.532
224.98 3.548
85.1098 1.36
171.285 0.558
225.006 2.788
115.983 5.25
136.979 4.876
187.578 4.49
150.527 4.73
133.904 2.128
43.7593 2.572
159.623 3.892
143.74 3.086
135.064 4.318
225.381 1.528
36.8491 5.86
141.199 5.74
227.806 2.256
148.421 5.78
96.1351 0.034
25.2968 1.214
34.3111 2.03
116.235 3.392
135.178 0.25
243.002 0.712
51.7104 3.69
22.9807 4.412
242.162 2.114
175.858 0.344
40.2065 5.704
151.878 3.688
175.486 1.026
87.6205 3.998
205.058 5.998
178.453 3.41
185.595 5.776
79.1992 4.128
148.663 3.244
136.973 4.786
150.349 0.36
17.7564 4.948
222.778 3.21
200.429 3.36
68.8941 4.334
172.172 5.598
29.1907 0.074
63.1286 1.904
25.2573 5.008
224.288 4.63
204.082 5.556
90.6 5.998
243.82 5.402
154.521 4.416
165.522 1.604
101.74 3.168
45.0327 2.934
94.1066 0.026
20.7095 1.658
244.378 2.812
99.8734 3.456
19.023 0.166
117.161 0.794
173.904 1.9
162.988 4.704
18.4103 0.428
245.171 3.432
42.1987 1.886
181.918 2.108
30.9205 4.206
185.185 3.538
218.322 2.988
124.214 2.02
36.2176 0.378
134.489 2.274
142.445 0.242
78.1666 4.858
39.7602 5.538
137.726 2.22
166.842 3.67
25.2634 2.116
14.6684 5.34
18.9506 5.32
26.1036 4.428
226.116 1.2
188.073 4.494
17.2207 0.248
144.777 0.76
200.996 0.326
228.321 1.146
167.65 3.29
177.091 0.33
23.0939 3.432
174.966 2.718
127.746 1.41
9.44735 3.38
116.087 4.718
57.7194 0.948
12.1508 2.476
222.063 4.634
23.1099 0.012
105.4 3.328
19.4053 5.174
161.907 2.246
132.055 1.674
84.3392 4.74
78.7246 2.482
20.0475 2.176
157.49 1.562
223.231 0.626
8.78449 3.086
38.6881 4.662
107.133 5.304
198.278 2.05
200.156 2.31
98.8922 3.19
12.0285 4.222
157.311 2.516
146.551 1.854
23.4828 4.414
217.347 0.358
175.671 0.096
124.496 4.006
67.6546 5.96
162.05 2.1
145.078 1.27
66.6807 3.15
185.147 4.358
149.291 5.552
219.603 4.828
231.001 1.616
243.085 5.562
218.236 4.748
71.5282 1.66
211.68 2.176
235.765 0.982
112.817 5.422
102.911 1.532
149.592 0.474
187.218 5.852
96.4024 4.21
62.7782 4.604
114.59 3.996
179.587 2.896
183.717 3.22
229.535 2.206
181.097 2.924
226.363 3.98
23.6891 2.154
33.5027 3.492
60.3126 3.786
46.0983 1.53
173.955 3.53
230.106 2.158
189.955 0.074
193.181 2.588
91.4471 4.56
195.551 3.528
93.1017 2.634
197.569 3.698
59.5029 3.502
85.6089 0.934
64.1506 1.118
180.14 3.676
12.3853 3.422
141.066 4.644
75.6682 0.48
143.486 4.486
28.1347 2.594
202.612 0.472
95.4169 2.068
219.385 5.962
15.4546 1.322
43.3144 3.482
22.1713 1.086
241.443 0.194
185.023 2.766
52.4532 5.108
52.7786 5.82
28.9702 5.204
166.105 5.366
166.95 1.47
43.2321 0.954
68.4359 0.65
189.028 0.09
149.881 5.22
212.14 3.022
244.331 2.154
216.023 0.87
116.621 0.956
21.1799 3.858
95.063 3.892
32.7014 5.678
128.525 5.316
160.426 5.09
212.069 1.514
110.854 5.54
47.2739 3.778
143.463 3.574
226.168 3.276
81.3273 1.628
194.59 0.854
245.916 1.292
155.45 3.598
192.47 3.74
203.097 2.69
105.417 4.966
229.853 0.362
240.438 2.74
123.61 2.754
164.487 1.236
229.701 3.698
154.605 3.352
152.34 4.322
203.408 1.672
50.4748 0.598
74.4183 5.718
110.912 3.95
51.9653 0.954
209.12 4.902
97.5992 1.394
58.032 3.852
63.8558 3.424
187.219 0.316
93.2067 1.122
119.039 3.58
197.632 3.19
101.185 4.044
190.915 0.698
38.7721 5.766
185.535 5.476
112.523 1.838
210.329 0.302
101.248 2.336
194.968 1.062
139.757 5.112
51.171 5.834
136.3 3.354
242.934 5.932
87.9363 2.904
31.9145 1.21
86.4885 4.232
245.657 1.838
229.117 3.248
156.485 0.296
157.995 2.738
36.1723 3.048
216.187 1.276
202.451 1.31
112.245 1.208
21.5631 0.374
10.8547 2.236
220.774 2.362
181.17 1.156
76.8314 5.266
79.2594 2.802
188.26 1.362
48.5084 0.386
63.9026 3.356
215.723 4.538
11.3396 0.694
245.279 3.342
43.5294 1.696
79.825 5.422
64.8583 2.242
240.791 3.562
249.093 0.394
207.071 5.912
96.6621 2.02
42.9921 5.972
167.049 0.324
100.936 2.734
34.8302 1.79
160.403 3.482
151.48 2.456
100.02 5.14
185.375 2.664
78.0354 4.596
160.595 4.396
146.469 1.018
60.9644 0.12
246.444 4.43
140.678 2.11
50.4051 3.568
110.448 1.118
67.6597 3.166
18.0585 2.154
202.164 4.174
34.7074 4.856
92.0584 1.512
177.982 3.816
209.9 5.79
131.683 0.74
132.476 3.302
248.789 1.208
36.7796 1.218
106.655 5.962
248.657 1.64
20.1546 4.396
80.4707 0.4
116.241 0.316
234.258 2.464
223.731 5.532
78.5657 5.526
60.4981 3.032
238.953 5.418
57.9894 5.184
220.832 4.664
190.669 1.374
229.018 4.982
241.414 3.028
147.782 1.928
39.3876 3.978
207.872 0.224
142.085 2.894
19.4094 0.9
216.795 4.986
194.903 1.18
120.477 0.914
147.683 1.092
83.7384 0.808
107.418 5.292
103.352 2.99
239.771 3.07
229.159 0.138
139.401 2.994
231.988 0.332
219.713 0.05
41.3125 1.232
203.812 3.822
53.202 0.268
71.5473 5.684
34.8111 2.14
35.7207 0.832
115.374 5.46
174.763 1.544
76.3912 4.746
137.981 3.172
62.3066 0.26
136.663 0.372
85.58 5.27
189.743 1.816
142.519 1.902
60.6332 1.088
129.622 5.302
217.607 0.376
66.8458 5.602
198.398 2.158
202.014 0.684
171.214 3.784
197.143 2.43
81.3291 0.002
82.5959 3.81
173.948 3.472
137.246 2.898
184.912 0.15
126.865 5.936
221.911 0.552
143.055 3.632
139.533 1.922
185.438 1.81
134.585 2.076
7.96779 1.776
141.887 3.986
17.8536 1.148
186.461 0.298
24.8563 3.35
202.464 4.98
223.955 3.92
146.315 4.732
27.738 0.664
58.3643 5.41
33.9045 5.586
165.867 4.444
127.602 1.524
10.0836 2.222
138.373 3.49
69.6795 3.92
187.362 5.07
246.191 3.082
71.3381 1.066
23.2983 2.51
93.8576 5.26
175.489 2.504
123.523 2.544
235.175 2.548
106.569 4.644
39.0177 1.564
51.8464 5.566
217.801 2.452
33.8151 4.674
238.534 0.648
137.29 3.546
173.341 5.932
72.3281 2.098
200.363 5.44
49.6376 2.586
204.81 5.32
221.282 1.304
195.311 3.866
166.152 4.202
13.6075 0.12
38.002 2.746
146.268 0.942
36.5786 4.696
162.184 3.862
118.005 3.326
145.48 5.852
143.136 4.934
195.519 4.39
23.551 1.048
49.2726 4.024
20.075 0.794
193.09 5.708
66.522 0.302
9.35096 1.996
21.3445 3.424
242.633 0.58
94.1666 2.716
142.494 1.098
48.0342 4.096
122.186 0.186
209.803 2.208
148.437 4.992
229.487 5.612
134.018 1.41
152.52 3.832
13.4392 1.03
247.949 4.532
83.3275 4.93
101.06 5.408
14.7286 1.18
243.801 3.272
20.8178 4.87
36.3713 3.37
76.8522 0.634
84.1685 4.81
35.7452 4.894
187.248 4.98
25.9947 0.948
150.25 1.796
86.6698 3.874
25.4891 2.132
45.43 2.126
149.545 3.004
121.748 2.242
15.2492 1.148
244.687 5.322
100.246 4.474
54.7645 2.654
130.678 2.518
53.4564 0.392
69.6426 2.064
162.293 4.07
81.4885 0.354
139.92 1.116
144.657 4.118
172.461 5.576
167.188 0.304
17.5227 1.806
69.0281 2.822
77.8037 3.68
201.972 5.472
222.562 2.112
174.899 2.408
163.804 3.374
19.3903 5.984
204.875 4.906
115.894 2.058
152.433 5.458
143.643 4.116
199.539 5.14
147.793 4.996
23.845 3.786
133.321 2.346
175.634 3.86
25.9927 0.106
158.344 3.586
114.916 3.15
108.405 4.9
26.1741 4.418
65.1758 0.838
124.357 2.772
193.467 1.124
137.848 2.73
130.595 2.224
71.9019 1.978
168.037 0.27
112.79 0.302
119.507 0.176
166.886 3.214
101.436 1.32
236.76 4.126
185.355 3.65
150.8 5.456
209.947 2.718
151.305 5.37
123.371 5.534
98.6851 0.79
187.697 0.43
123.329 1.036
70.2482 5.808
209.727 5.044
100.913 1.174
16.1638 1.698
54.0097 1.42
168.929 4.928
55.1716 0.942
23.5634 1.294
29.4512 3.108
229.748 1.598
58.3052 1.052
241.292 0.97
146.814 5.302
191.491 5.372
184.847 0.658
114.79 1.698
170.295 2.976
118.61 5.212
16.7372 2.116
223.453 3.342
171.406 4.736
18.9734 2.052
225.653 5.662
38.4427 0.194
235.642 5.762
158.386 1.298
224.717 2.714
85.1871 2.506
160.475 5.672
163.474 2.53
96.0218 0.948
231.426 2.338
97.1209 3.61
99.5591 3.646
146.332 2.374
71.5781 0.436
231.536 2.13
106.455 1.666
233.028 2.164
117.774 4.41
218.941 0.516
93.4658 4.034
121.487 0.026
142.113 2.52
205.487 0.034
119.789 4.44
204.983 2.756
128.56 0.194
144.454 1.9
149.069 2.208
203.062 4.822
191.217 1.574
137.757 4.752
151.745 1.32
132.124 4.278
149.773 2.056
117.411 1.584
186.101 0.392
76.0463 4.988
118.144 1.37
92.0879 3.562
226.772 5.266
165.724 1.472
27.0177 4.754
34.7513 3.106
173.445 5.32
248.446 4.462
193.501 2.68
101.507 0.454
161.116 5.532
130.106 4.056
99.1986 0.164
85.3572 1.872
169.748 2.75
141.366 2.92
32.0038 1.9
176.327 0.416
204.938 1.452
240.002 4.348
241.05 4.86
224.2 0.93
90.2792 5.37
65.4213 2.63
87.7508 1.882
178.676 2.39
161.496 5.97
79.4794 2.78
63.8973 5.922
27.8646 3.598
136.262 5.522
69.6604 5.926
85.5871 3.49
96.7838 5.886
208.217 4.36
58.2941 3.232
50.9872 5.774
189.58 1.392
56.5033 4.948
154.287 3.316
245.415 1.17
152.679 2.06
133.694 0.628
242.944 1.952
31.43 5.126
187.128 0.636
9.62531 5.676
93.2149 0.03
194.294 3.05
114.452 2.476
222.401 1.228
239.529 0.036
11.7339 1.478
244.033 2.57
103.751 3.766
183.224 2.044
61.007 2.148
200.157 4.304
27.639 5.672
18.1888 2.158
31.2085 3.352
44.2814 1.42
159.9 0.602
199.229 2.462
187.936 5.238
184.163 3.632
135.641 4.236
13.3177 1.81
29.0944 5.432
175.002 2.222
159.179 0.322
85.6283 1.784
109.572 4.546
152.383 5.878
165.923 0.988
24.114 1.916
202.366 5.956
119.616 4.892
148.58 4.274
33.5579 5.714
56.3986 3.718
177.855 2.534
199.241 2.698
100.848 2.658
11.2471 1.75
216.906 3.968
115.02 3.142
171.971 1.372
204.538 2.318
136.271 0.128
204.714 2.144
152.087 2.426
90.808 3.098
239.415 4.07
54.6784 1.338
124.756 3.672
194.203 0.28
189.377 5.36
46.0663 0.686
198.234 5.092
114.436 0.908
79.4821 3.686
208.241 5.136
12.3328 1.648
193.144 3.612
228.762 0.796
14.6948 1.966
128.359 2.712
72.3119 2.772
105.778 1.59
63.8972 5.444
140.472 0
110.17 1.472
118.003 4.252
92.6591 5.096
53.6525 0.04
26.7893 4.178
35.4051 0.122
42.1968 3.87
162.377 2.156
226.768 2.812
176.694 3.762
70.5383 4.924
84.1976 2.836
182.321 1.892
141.277 1.466
74.2952 5.668
167.715 0.508
136.268 1.564
83.8638 3.154
246.344 3.286
12.0955 3.322
217.342 2.68
242.182 0.12
179.408 4.538
225.427 4.474
171.502 0.468
178.292 5.588
24.8641 0.904
246.336 3.954
176.433 0.942
204.341 5.22
132.453 5.472
137.59 3.822
133.379 5.574
114.238 5.186
19.8116 3.484
94.1671 5.24
176.145 1.214
79.739 5.828
244.142 4.478
222.68 3.662
198.231 4.526
49.8557 3.902
36.8032 4.254
69.6968 4.18
226.24 3.302
97.5916 4.514
69.1742 3.148
169.621 3.03
32.2779 1.538
107.216 3.3
197.276 5.976
96.1229 1.27
207.021 3.634
26.7656 1.71
127.766 1.842
20.5765 4.266
107.35 4.718
109.778 4.692
211.361 4.418
241.508 4.95
129.252 5.788
17.5686 2.992
64.7275 3.12
144.212 0.394
15.4676 4.206
201.076 1.252
121.393 0.812
28.7369 2.274
179.652 0.162
136.04 4.516
192.749 3.266
36.0726 3.546
42.471 2.766
187.963 5.918
214.354 0.024
27.7447 0.242
32.4042 0.556
14.791 4.814
68.9225 4.154
10.6013 4.758
80.0928 4.6
99.8419 0.326
115.906 2.7
122.378 3.556
134.397 1.732
41.5701 1.132
70.5645 0.302
23.8 3.394
22.8029 0.792
10.6282 5.962
162.749 1.138
92.9076 4.814
121.929 1.76
100.706 4.532
94.9707 2.72
185.689 4.342
28.7089 5.454
59.2404 5.04
29.708 2.42
207.636 5.87
106.238 4.714
242.15 1.828
202.638 2.924
36.7225 2.772
29.5629 5.254
102.726 2.716
178.085 1.806
110.16 1.75
241.758 1.422
164.528 2.486
31.3544 3.196
148.27 1.894
239.226 0.614
108.051 2.534
94.5849 0.064
237.115 5.96
223.894 4.056
152.92 3.626
32.6359 1.072
171.011 5.436
73.6718 0.162
40.1876 4
88.1663 2.07
55.9483 5.572
190.958 1.778
207.318 3.766
136.478 3.06
15.6125 2.19
199.603 3.106
126.896 5.122
112.519 5.378
240.78 1.04
63.3785 4.082
57.1945 1.968
91.7405 4.472
168.339 2.96
29.6255 0.55
53.3144 1.262
234.9 2.096
230.562 5.778
94.9791 5.912
192.256 5.984
88.5133 3.978
91.1149 3.832
223.257 0.144
243.989 0.268
211.802 1.982
150.989 5.71
51.1536 1.976
24.308 4.538
131.843 1.662
242.264 0.398
205.359 0.6
13.9362 5.916
169.782 0.5
63.1119 3.278
245.854 1.668
225.221 1.614
65.6816 5
34.7194 5.558
58.8822 2.72
21.5187 1.812
13.0262 0.676
118.375 1.426
228.173 5.444
91.1216 4.216
55.4394 3.992
92.7178 0.298
219.264 4.076
46.9704 2.908
114.038 1.41
38.0491 0.128
174.363 2.364
233.126 5.758
22.5355 5.464
139.21 5.082
60.6265 5.356
69.2788 2.43
121.719 0.934
38.5405 3.754
240.971 2.986
26.9449 4.704
151.866 4.894
102.906 1.938
203.722 1.184
55.2825 1.952
80.9476 1.06
142.535 5.682
105.732 0.108
83.2027 1.198
17.2579 0.544
103.866 0.384
208.444 4.86
35.9781 0.53
120.059 1.934
15.7309 5.804
230.901 0.394
237.641 5.778
40.1797 3.972
90.3282 1.096
119.256 3.996
206.567 0.786
156.621 0.494
132.196 3.872
24.634 2.826
187.358 4.706
10.5116 1.084
107.009 2.104
16.3724 1.542
77.3233 3.066
72.4407 2.03
214.116 1.15
11.7123 0.808
199.427 2.322
109.963 2.946
121.244 0.816
235.41 3.702
138.041 3.572
231.837 0.754
15.9558 5.528
29.1204 5.796
226.244 1.992
97.8093 5.402
245.037 1.984
21.4271 5.582
15.5771 1.844
189.129 1.134
169.896 5.542
106.6 2.398
205.052 0.838
223.308 4.174
60.6123 4.012
66.7692 4.3
166.734 4.614
23.2729 1.066
190.964 5.922
128.594 2.632
139.693 4.528
163.454 0.2
65.6304 3.702
76.0173 3.956
189.431 3.112
230.607 1.404
224.533 2.216
198.678 2.246
73.4631 2.466
163.468 1.624
175.213 0.124
223.047 1.286
156.421 2.272
48.7562 0.152
239.075 1.68
195.146 2.656
186.143 2.884
127.55 5.446
116.088 3.926
232.117 4.156
41.6418 0.014
80.1667 4.962
166.38 0.926
130.263 1.33
33.0622 1.53
50.6433 1.568
59.9327 4.74
45.2342 5.392
140.929 0.848
187.291 1.986
209.407 4.762
187.384 3.168
66.3822 3.414
59.771 5.836
75.6127 3.62
48.3908 5.968
74.3231 1.03
228.414 4.908
53.0252 5.852
212.009 4.296
51.7202 5.136
62.5911 1.326
121.606 0.17
105.794 1.272
168.779 5.826
223.696 0.42
70.207 1.278
65.6155 0.318
203.567 1.18
65.7719 0.348
151.848 5.17
8.21158 2.944
101.649 3.048
31.6044 4.948
10.5373 1.738
208.532 2.722
213.813 3.052
35.9245 4.968
51.8281 0.198
52.3778 0.57
50.3979 0.998
127.885 4.548
229.619 2.912
237.532 3.84
243.254 1.446
164.061 5.722
26.8879 1.786
91.3993 2.864
224.56 3.436
160.206 3.564
200.669 4.522
13.6815 2.922
26.5952 0.624
233.011 3.154
169.722 3.55
123.108 3.668
174.995 4.19
38.9016 4.25
201.507 0.238
218.901 3.45
188.951 3.338
235.823 5.19
120.223 0.908
24.4736 2.55
241.565 0.02
120.609 1.87
153.098 5.798
242.859 1.308
76.4987 5.53
69.4271 4.094
12.19 2.212
51.2319 3.784
244.206 2.55
194.269 0.776
30.1909 1.232
129.19 1.292
161.274 1.998
50.4777 2.764
16.5003 1.346
248.487 4.154
46.2703 2.696
116.741 1.97
198.044 2.68
196.134 3.51
182.374 3.33
224.106 2.088
109.567 5.824
162.089 5.744
28.6618 3.17
134.219 1.942
91.3926 1.588
37.1966 5.044
63.187 0.354
165.011 5.47
86.4939 2.716
201.539 2.072
245.082 2.888
11.2819 0.25
51.5397 5.27
56.4313 4.368
225.978 5.662
143.852 4.03
239.381 1.272
149.1 0.07
24.9193 2.42
229.361 0.36
223.599 3.064
50.9221 2.804
81.4759 0.596
30.7511 5.07
47.2211 5.62
98.654 0.392
129.549 4.192
230.957 4.194
42.979 3.914
184.56 2.454
34.8066 2.012
191.642 3.294
44.1526 0.73
223.762 0.342
158.862 2.86
117.324 0.836
178.873 3.688
161.895 4.132
176.519 1.93
178.636 2.714
171.22 0.38
243.356 0.296
110.231 3.096
70.088 3.056
12.9331 5.554
157.299 2.286
54.0419 1.796
64.0082 2.398
121.419 2.754
156.933 2.194
62.8663 2.44
48.1539 1.008
72.469 0.2
49.3294 3.91
59.4891 0.742
175.597 0.012
219.318 2.692
136.976 3.856
38.2756 2.292
210.635 4.336
69.1216 2.482
13.5263 0.54
242.595 1.906
100.077 1.924
100.93 5.674
41.7949 0.96
202.541 0.968
112.096 1.486
191.375 3.082
246.461 0.87
18.3145 3.744
160.706 3.772
48.5392 2.802
24.6564 0.19
8.71189 1.444
40.3197 5.584
82.6533 2.952
40.908 5.274
39.6502 0.466
52.0538 0.456
33.9827 3.638
239.879 5.514
30.5198 0.206
124.232 1.266
12.732 2.592
44.7244 1.672
57.3183 2.75
249.023 1.354
53.9504 4.362
93.2531 4.35
133.088 2.318
96.5483 4.434
219.608 4.516
32.0377 4.066
92.2454 0.39
158.718 1.34
63.5943 3.908
117.074 5.52
147.225 1.484
169.257 3.236
211.146 2.136
57.4318 4.16
227.478 3.37
9.19262 1.186
13.399 1.846
229.617 1.362
130.454 0.836
46.0863 0.752
38.9967 1.574
26.8108 2.412
26.4178 0.93
51.9127 3.802
107.378 1.49
65.32 4.972
207.398 1.956
82.6818 1.078
146.533 4.134
147.459 3.222
59.5625 1.316
111.515 2.498
102.479 5.746
36.96 4.576
182.033 5.676
20.6892 0.55
154.931 0.562
205.37 1.276
98.6869 2.852
230.685 5.576
124.242 0.296
180.117 2.962
108.946 1.018
15.0925 0.646
55.0669 1.686
83.8965 0.32
51.0288 4.542
173.659 2.124
225.656 3.556
52.9283 1.662
219.534 4.016
201.369 3.536
246.986 3.536
178.687 2.328
122.675 4.606
13.5446 1.212
68.1143 1.818
241.794 4.088
16.6376 3.88
15.6919 2.018
243.806 5.314
104.845 1.718
60.1384 0.782
149.984 4.274
17.1846 3.702
240.334 2.62
100.252 4.408
23.2489 0.252
189.701 5.312
233.629 0.136
74.2567 1.26
74.8681 0.016
21.8487 5.46
50.0178 0.438
147.023 2.25
126.472 4.606
61.4496 4.778
19.1859 0.824
138.61 3.586
46.8988 0.27
94.2777 4.892
23.4271 3.644
197.461 0.248
138.914 4.36
100.014 1.416
13.0962 0.504
53.1513 1.804
69.0974 1.236
176.739 4.548
90.3566 4.928
132.473 1.784
160.144 2.578
167.349 3.568
19.6832 3.574
233.207 5.97
238.689 0.726
146.47 0.08
152.006 1.11
228.59 1.672
211.964 0.756
134.58 0.78
208.254 0.738
111.976 4.062
194.719 2.884
102.539 2.842
31.7874 0.38
236.98 3.338
31.4262 2.914
39.5472 4.068
222.08 0.78
224.712 2.236
207.699 0.736
244.879 5.458
148.229 3.57
8.57156 0.25
17.6023 0.652
117.179 0.22
186.535 3.876
116.514 4.376
65.8662 2.936
97.7501 0.268
74.1049 1.106
14.8956 5.086
207.888 5.2
106.03 1.446
35.1508 4.406
164.944 3.188
13.6365 1.962
179.604 0.398
206.153 4.396
235.405 5.48
62.7682 5.48
54.9228 5.252
79.4634 0.454
19.9205 1.796
32.8776 3.576
46.7362 2.4
190.355 3.878
29.2604 2.702
73.472 3.074
10.7708 5.566
115.997 5.882
109.588 2.206
148.377 5.858
181.19 3.804
116.652 2.936
63.9826 2.204
59.1935 5.67
96.4214 3.3
188.846 5.354
159.31 0.572
239.914 3.7
193.625 4.214
152.55 3.254
73.4622 2.666
122.206 4.348
216.198 1.808
237.473 4.672
133.003 1.818
188.747 2.884
102.755 3.522
69.8771 1.5
211.832 4.502
90.0047 1.18
216.179 4.82
200.788 1.412
144.764 5.376
15.4281 1.498
62.5297 1.232
249.743 5.714
148.261 5.484
155.551 2.862
232.884 2.992
205.336 0.834
83.4833 4.694
110.045 3.49
67.0945 0.04
9.76651 2.334
116.415 5.554
142.685 0.994
216.828 5.814
91.5216 2.672
187.368 2.872
56.2531 2.984
146.815 3.794
222.396 3.328
47.7265 0.624
48.1271 4.034
222.188 4.086
48.3136 5.48
32.4426 1.072
122.274 4.86
55.3662 0.184
155.491 0.212
196.958 4.538
16.3233 2.888
99.1277 1.914
232.098 2.216
61.27 1.49
90.0997 0.95
54.7232 3.174
136.44 1.318
197.306 0.612
30.3933 0.202
171.261 0.194
228.479 0.004
148.89 1.012
124.473 2.968
66.407 4.564
225.454 2.844
82.6242 4.982
215.991 5.342
178.54 0.654
186.488 1.082
146.877 3.194
189.002 5.872
81.3953 4.922
12.5814 3.678
16.9543 2.896
130.326 4.118
140.58 1.068
167.021 1.128
184.616 2.154
207.844 1.294
246.838 0.258
210.138 3.2
77.9828 3.466
23.8485 4.772
156.158 0.22
17.4792 0.384
213.465 0.476
22.6239 1.962
181.135 2.058
206.55 1.634
158.575 0.768
69.2408 5.934
88.5298 1.916
21.4491 4.598
85.9631 5.078
48.6989 0.71
102.317 5.86
160.941 2.282
128.509 5.388
199.345 1.792
123.537 4.416
172.254 3.616
192.292 0.77
25.1045 5.91
13.6105 3.178
40.7375 0.854
9.89043 0.116
51.8192 3.006
165.688 2.11
203.547 0.582
54.0317 5.964
175.242 2.4
169.294 5.05
35.2854 2.148
171.705 5.88
180.869 3.982
154.078 5.55
204.155 4.59
68.7491 2.248
220.171 5.91
76.2113 1.54
31.0276 4.672
228.198 0.386
119.088 3.948
25.9716 2.548
132.872 1.624
244.339 4.704
91.9182 2.456
175.071 5.568
19.5747 3.83
15.2782 5.238
62.9737 1.502
205.951 2.778
143.825 4.698
147.102 2.136
146.587 3.558
14.2396 4.96
63.1573 5.758
15.412 4.236
24.2624 1.824
156.524 3.344
201.003 3.438
40.0285 0.686
18.1482 1.996
204.254 3.03
17.33 5.656
179.283 2.088
135.981 0.486
201.055 2.638
186.669 0.27
119.442 0.836
35.1095 0.754
235.154 1.008
189.405 4.914
187.7 5.058
238.291 4.126
164.51 3.544
222.951 2.012
174.922 0.15
33.8637 5.752
74.3869 1.808
153.97 3.974
124.424 0.296
190.069 2.534
159.462 2.554
161.452 0.164
216.657 3.374
147.659 4.48
11.5674 1.83
35.965 2.26
169.194 2.944
83.0544 1.83
61.3865 5.618
214.614 5.3
71.4844 3.324
167.221 5.224
89.0774 4.214
18.4824 2.844
210.929 5.466
201.519 2.64
234.846 3.14
82.699 4.236
103.732 1.062
151.874 0.634
44.4745 0.698
109.104 0.776
15.5048 1.766
68.5489 2.496
179.376 0.8
102.961 0.566
37.8939 1.874
36.2522 2.314
207.339 2.466
152.373 1.652
151.856 2.982
234.257 4.334
124.537 5.948
111.411 5.388
37.2374 0.946
94.61 5.394
228.4 0.272
243.568 5.12
198.883 5.896
127.582 2.566
157.731 3.99
9.14813 0.272
229.715 1.054
72.497 5.566
95.4318 2.788
28.1837 1.54
103.467 5.608
15.7993 0.622
127.639 4.72
130.983 2.984
185.731 3.06
139.298 1.724
224.727 5.812
142.719 4.594
168.406 0.004
109.847 4.05
157.793 4.722
61.541 3.866
16.0814 0.382
150.467 4.472
154.025 0.942
240.927 3.478
249.116 1.296
72.5494 5.512
93.5354 3.876
78.2722 3.702
152.295 5.89
59.3805 5.718
235.548 5.974
98.4694 0.34
171.461 5.954
166.387 1.718
104.769 2.554
132.382 2.232
14.7138 5.122
172.618 2.334
22.4617 0.528
224.498 2.8
204.645 3.37
220.412 0.32
233.018 2.252
240.849 5.224
144.219 4.268
23.1113 1.45
32.2399 4.73
38.767 0.654
88.1204 1.39
229.366 4.61
79.1573 4.008
214.724 2.53
115.902 2.872
180.676 3.186
87.9985 4.314
97.9069 1.814
33.2642 4.902
38.5768 1.366
82.1372 5.44
19.8784 1.466
84.336 3.308
106.463 5.16
219.493 2.056
130.625 0.312
30.313 3.69
205.775 2.808
165.681 0.73
189.054 3.232
89.349 4.064
221.574 5.678
144.017 3.856
239.856 0.048
11.1514 1.458
107.665 1.104
42.0505 1.736
20.3028 2.226
66.3673 4.184
215.832 1.812
55.9563 1.28
179.964 1.31
44.8204 3.944
84.6279 5.156
118.627 2.96
108.784 4.48
173.08 1.012
114.063 2.018
234.564 5.074
190.436 3.032
30.6645 4.696
145.807 1.504
109.413 1.716
87.3917 4.554
80.6072 4.156
123.836 0.04
82.6492 5
144.202 5.712
131.908 3.682
13.3967 2.038
72.2625 3.678
210.663 0.824
245.742 3.238
11.685 2
157.893 1.702
249.308 4.186
74.9908 1.442
24.8888 5.74
158.986 0.214
106.946 5.924
180.773 4.792
108.908 5.994
193.362 5.36
224.369 5.252
118.547 1.952
84.2794 5.092
129.922 5.226
56.5593 2.48
157.365 2.336
13.7222 3.398
244 5.866
227.444 2.902
79.7436 0.306
204.463 0.892
105.585 2.502
41.8551 0.432
197.634 3.054
20.621 3.05
20.3821 0.976
172.07 5.992
227.907 2.796
130.023 5.626
88.6772 2.516
83.0147 1.658
71.0156 1.326
248.372 0.71
78.8676 1.31
15.9488 3.128
202.253 5.822
126.431 4.518
52.3951 1.918
54.2879 3.49
163.304 2.128
127.05 3.422
227.013 5.384
31.0417 2.958
160.634 1.37
61.1905 3.19
45.711 0.03
225.334 1.194
25.1784 0.894
240.199 3.018
74.6706 0.46
136.955 3.664
59.621 3.246
10.2947 0.428
61.1035 4.704
94.3885 3.802
152.199 4.342
122.838 4.538
28.8302 3.61
130.801 0.922
58.9745 2.944
111.124 1.228
131.997 3.074
210.343 3.754
53.4765 3.148
153.863 1.52
45.2346 2.794
178.389 2.47
176.222 2.002
175.907 4.138
148.42 1.264
172.417 1.764
110.771 4.634
11.4282 2.378
18.5125 5.632
13.0917 2.896
162.567 0.13
41.239 5.698
16.9197 1.696
108.199 1.37
150.657 4.026
38.6403 4.858
135.322 1.642
126.113 0.18
136.539 3.308
97.8624 0.512
75.4104 0.124
66.7012 0.664
228.358 2.064
167.123 0.152
115.781 0.872
229.716 2.374
222.336 3.82
141.285 2.334
77.9566 3.11
134.136 1.628
182.356 0.056
128.308 1.342
228.522 3.404
18.1487 0.76
127.931 2.286
130.308 1.012
185.725 4.446
15.2124 0.06
48.2072 2.826
116.655 3.276
135.902 3.326
174.609 2.506
207.96 5.72
11.9277 1.718
10.8577 1.776
48.8827 4.386
238.407 4.174
167.787 3.486
100.349 0.832
48.4104 2.49
125.528 4.924
100.916 5.186
154.569 5.542
241.102 0.348
184.885 3.446
163.473 5.546
19.1459 1.572
99.2261 4.33
179.517 1.432
123.216 2.126
43.1185 0.034
113.777 5.222
10.4774 2.004
120.205 5.734
116.495 3.576
54.005 1.31
225.585 5.008
210.874 5.64
178.218 5.592
61.4086 1.36
139.682 1.124
53.4837 1.992
60.6122 1.614
28.6196 1.596
221.64 2.666
27.2652 3.948
72.1394 0.84
98.1008 2.256
193.725 2.532
87.3796 5.366
173.419 2.938
161.607 1.882
207.453 5.91
126.51 0.956
14.8451 2.206
89.3475 2.45
29.6832 1.102
38.9295 5.656
47.9245 0.546
52.0009 0.72
199.726 2.31
17.5014 0.504
180.748 0.888
27.9388 0.028
58.7762 5.834
44.4427 2.764
142.731 4.926
67.3452 0.944
80.1336 4.062
75.4042 3.882
57.726 4.618
108.583 4.212
150.026 0.108
104.375 4.978
230.74 1.218
131.845 0.022
219.891 2.998
49.3955 4.378
76.2119 1.922
27.7146 1.698
32.2742 2.26
186.799 5.452
216.501 0.502
26.8867 4.802
227.162 2.168
31.9966 0.722
194.956 5.462
149.937 1.104
93.2725 1.098
208.112 1.198
193.007 5.738
224.459 5.006
57.1917 4.794
174.49 5.636
120.485 2.166
72.7637 1.3
194.923 5.71
239.197 3.9
210.898 3.01
11.8738 0.9
240.979 1.208
113.32 5.478
99.1236 3.656
117.983 4.412
230.437 4.348
99.5484 0.624
157.057 3.888
145.726 4.572
231.129 4.638
173.655 0.926
210.919 5.274
14.688 0.776
220.135 2.094
37.9605 0.808
96.1065 1.054
89.5026 4.608
184.453 0.498
28.636 2.406
96.8399 2.164
93.7052 4.32
196.092 0.852
155.975 0.132
18.1291 3.592
14.0542 0.286
45.5305 5.908
36.3403 2.864
25.6 0.76
167.316 3.618
127.386 2.032
37.3807 5.706
123.339 0.294
159.199 2.552
160.119 3.908
67.2365 5.122
225.136 1.154
183.544 0.866
92.7973 1.526
46.7503 0.672
220.329 2.92
148.809 2.526
149.754 5.334
89.4371 2.682
96.7942 4.91
32.2927 2.678
20.3275 2.934
224.459 2.166
125.922 1.812
133.492 3.25
31.3614 2.394
42.744 4.34
155.174 1.704
124.71 5.228
97.3198 3.244
220.713 1.582
249.172 4.112
225.742 2.644
159.026 3.818
178.415 0.886
211.434 2.94
191.53 5.626
46.3122 3.648
52.6428 0.646
185.109 1.978
200.833 0.15
213.875 0.686
189.608 1.374
221.153 4.544
105.741 0.45
24.3572 3.022
181.059 3.61
213.581 1.372
236.663 2.044
19.4395 5.852
161.032 1.156
236.742 2.286
188.322 0.67
217.295 4.442
217.754 5.02
154.169 0.272
164.912 0.908
23.1544 3.178
239.405 2.612
147.32 2.722
43.7184 3.286
238.667 5.424
204.89 1.37
60.0141 0.264
210.579 4.346
242.053 2.272
19.2611 3.034
220.216 0.598
120.033 0.866
88.9818 5.382
78.0513 0.306
235.389 0.884
187.151 1.454
79.4076 0.494
51.9033 2.868
244.908 0.656
229.87 4.176
168.778 3.346
168.136 2.396
140.23 5.158
179.591 2.912
171.857 3.984
139.263 1.712
222.646 4.206
162.513 5.84
220.715 0.008
244.942 4.328
38.1901 1.044
103.504 1.564
39.8752 5.634
178.295 0.522
16.1364 0.418
143.625 2.782
53.934 1.094
33.1638 1.748
55.3366 5.148
248.417 0.31
90.4707 2.046
136.222 5.68
226.72 3.784
90.6573 0.642
190.004 0.232
222.256 1.338
176.356 5.694
94.0325 4.264
97.915 3.336
210.258 5.736
106.832 0.38
175.4 5.944
233.202 4.926
167.469 1.292
30.4435 0.12
199.681 2.406
95.9538 3.378
193.555 0.562
19.996 1.066
39.2539 4.894
11.1532 5.488
42.1455 2.478
246.331 5.716
169.193 1.856
185.325 4.354
240.549 0.464
171.21 2.256
130.256 5.244
71.5925 4.966
233.877 4.216
143.622 4.23
227.186 3.104
39.176 2.602
17.5664 5.972
113.432 0.462
73.0682 0.756
135.957 0.022
142.333 0.602
79.6219 4.364
19.7673 3.388
75.2244 2.94
20.4743 0.476
236.778 3.454
90.3196 4.346
72.1348 0.436
54.0274 4.47
147.577 4.26
133.285 4.394
54.4445 3.784
236.212 0.64
82.2898 3.338
41.7237 0.632
65.9542 5.712
184.323 3.428
95.7914 0.754
174.032 3.946
19.2208 0.102
196.606 2.486
69.8124 0.71
247.92 3.632
203.089 0.998
201.615 0.738
26.8774 2.69
15.0721 5.48
216.452 1.196
217.344 2.306
185.909 4.434
120.565 4.768
100.723 2.66
127.08 0.504
218.501 3.198
166.807 4.63
224.676 1.28
113.581 1.13
155.601 1.85
151.114 2.042
118.684 3.238
243.247 2.172
193.044 2.15
70.9307 5.868
11.2147 4.056
125.261 2.476
223.488 1.6
106.454 5.464
138.478 4.054
41.356 0.866
233.915 3.004
21.4183 2.17
208.837 0.296
120.156 1.04
124.218 0.374
24.9231 5.152
36.1241 0.392
231.033 2.352
78.8807 2.216
37.6489 2.042
138.666 1.09
92.9506 1.794
14.7155 3.992
194.059 0.976
23.5712 2.116
158.35 5.488
39.8494 5.102
138.412 2.924
152.175 3.024
46.0315 5.132
232.167 3.11
54.4482 3.066
16.6217 0.95
29.5851 2.58
58.2247 3.598
30.2943 2.368
62.8047 3.948
15.2669 4.69
86.3837 4.506
232.42 5.042
56.9074 4.95
87.817 2.958
43.7836 5.158
135.3 0.104
159.358 1.302
226.38 4.76
219.697 2.918
215.572 4.294
11.2849 0.736
33.6216 2.948
85.8956 0.336
31.9974 3.084
101.954 1.968
110.373 3.354
89.5226 0.954
249.653 0.452
134.899 1.398
233.018 2.078
115.292 0.5
177.048 2.85
164.397 3.34
121.522 2.506
151.36 0.066
90.4447 5.032
204.589 4.956
201.62 4.996
41.6417 4.854
245.837 3.782
244.349 2.806
29.5772 2.506
151.092 4.472
44.466 1.722
136.075 0.452
115.292 1.822
194.095 1.254
28.2213 3.74
212.469 5.582
179.043 1.812
146.463 2.752
117.133 4.438
225.835 3.938
232.342 4.864
126.41 1.548
9.61481 4.148
38.7939 1.038
214.944 1.03
158.427 4.634
76.1101 5.046
185.269 0.204
180.471 1.662
183.07 2.466
139.712 1.38
222.76 5.41
29.7637 4.756
19.5091 2.872
93.3841 0.028
20.3253 4.06
88.1479 3.724
200.809 0.736
184.038 3.082
179.236 5.43
14.7524 0.212
9.97098 1.434
91.2158 2.064
105.809 4.922
198.449 0.65
70.4612 1.516
36.685 1.212
228.216 1.728
90.7192 5.96
60.0054 0.85
204.221 3.802
164.646 3.296
121.818 0.014
16.3233 3.4
234.15 0.274
78.7107 3.358
27.9772 0.46
130.478 4.672
34.0908 4.44
22.6592 1.482
81.0137 2.142
185.509 2.37
46.7323 3.394
231.489 4.454
106.551 3.362
138.461 4.43
79.3503 1.642
240.39 0.416
34.3691 3.902
51.6044 3.456
64.3616 0.962
45.4046 3.46
193.995 3.934
60.9191 1.336
228.518 2.286
175.296 2.35
116.889 3.24
27.8382 0.164
203.761 4.294
34.4655 2.972
165.015 2.744
100.554 5.314
188.305 5.38
140.151 0.748
57.0327 5.558
49.5163 0.65
159.831 5.208
92.4667 3.536
35.2753 2.454
24.5514 2.308
167.585 2.21
142.585 3.292
68.3504 1.864
102.95 3.176
189.46 4.268
33.1454 2.782
170.828 4.56
75.2731 3.834
211.649 2.588
216.949 2.544
28.5413 3.062
13.5392 1.636
21.2271 1.088
33.4483 1.836
64.8048 5.978
203.027 2.982
130.079 0.65
183.629 3.526
131.57 0.34
26.7882 0.682
59.1978 0.78
156.032 3.508
13.9773 5.862
23.0185 3.728
187.097 3.61
228.932 1.466
135.684 0.754
162.011 4.734
139.599 4.394
111.613 5.92
54.6096 3.606
198.861 5.258
162.577 1.46
191.442 4.626
16.0725 4.502
30.7267 1.74
68.7656 2.502
56.0421 2.494
140.57 5.082
72.1478 3.146
189.235 0.88
156.937 5.256
98.3098 1.738
69.9139 1.732
18.5902 0.37
172.96 0.146
183.741 0.356
140.556 1.582
18.4499 4.378
231.433 1.252
17.8307 5.118
140.742 0.328
140.236 0.888
44.4014 1.244
67.3768 2.772
233.891 3.698
230.47 5.224
242.618 0.772
232.366 4.714
14.2269 1.824
216.054 3.538
237.325 0.338
228.897 0.29
65.5632 2.138
126.181 1.22
36.3894 5.286
227.975 5.302
226.205 4.048
82.973 1.444
164.762 3.948
145.289 5.978
148.87 4.57
222.048 0.55
111.382 0.04
210.506 1.95
33.4873 0.434
39.3124 3.442
162.639 4.182
85.304 5.948
170.275 0.718
219.082 4.102
117.559 4.376
213.383 5.452
157.737 0.552
187.279 4.068
241.883 4.486
48.571 2.512
138.701 5.362
106.313 1.738
220.43 1.694
14.5603 0.892
162.017 5.428
121.796 2.032
73.8127 5.532
133.411 1.956
205.363 5.144
134.588 0.382
204.138 2.134
141.148 0.372
127.027 5.456
133.976 3.552
108.897 2.546
108.869 2.964
205.95 2.262
70.3204 5.886
153.106 0.784
91.8816 0.974
117.399 4.872
34.7611 0.206
172.313 4.648
97.9752 4.428
71.7845 1.112
54.7486 3.64
229.794 2.772
237.141 5.878
43.6618 5.054
164.16 3.268
132.992 4.824
186.396 5.614
44.2566 5.236
108.893 0.194
205.512 5.372
116.615 4.642
128.504 5.014
133.377 1.848
36.0883 1.266
76.3587 4.612
218.277 2.332
45.7077 3.42
244.938 0.848
91.7827 1.696
140.709 3.664
166.194 5.184
70.711 3.792
31.5967 4.464
15.9421 5.272
164.794 2.224
143.69 5.604
237.636 1.34
220.19 4.402
41.2381 2.018
181.12 2.97
88.3861 0.57
69.715 3.754
45.4031 4.93
50.4332 3.486
29.393 0.262
98.6056 5.782
60.9639 4.762
12.198 0.726
26.7076 2.88
163.298 0.806
15.3292 4.212
103.966 0.728
26.806 1.438
174.87 1.124
22.5143 5.802
129.218 5.14
100.346 5.68
99.94 3.018
162.883 5.776
72.7028 3.186
122.589 0.042
49.3854 4.642
49.9256 2.004
44.3294 2.614
147.165 3.52
120.249 0.238
87.4703 3.3
86.9975 0.618
35.9581 5.944
204.178 4.718
39.9127 5.354
15.2127 5.86
222.84 5.246
68.5788 2.33
138.229 4.402
184.32 4.746
143.781 1.008
10.4349 4.71
76.5693 1.234
161.874 3.366
17.9401 4.036
83.3696 2.924
190.977 3.528
128.082 0.972
168.099 1.356
184.569 3.074
219.223 4.998
212.241 3.19
86.2499 3.28
29.7565 4.36
131.913 5.408
236.055 3.442
200.62 2.594
133.695 4.282
209.017 4.992
16.16 5.952
219.712 0.03
229.433 0.304
30.6426 5.228
104.419 2.426
28.5026 2.202
81.8397 4.454
59.6604 5.94
203.334 3.284
24.0903 2.886
175.755 1.772
163.643 2.718
98.9483 4.864
121.971 3.88
25.4468 1.864
45.2528 4.154
11.1033 0.27
59.2344 5.334
76.0995 3.38
146.93 0.388
72.6542 2.14
133.339 5.838
58.9312 2.176
159.327 5.636
100.411 2.402
212.653 1.736
69.0853 5.482
69.1316 4.396
10.5516 3.39
57.3881 2.052
19.9575 3.136
74.3424 3.15
182.131 3.712
224.266 5.926
48.8763 5.7
181.802 2.534
84.265 1.094
38.7172 2.378
192.114 1.6
143.212 0.22
66.1719 0.31
65.4689 3.87
18.4445 1.802
109.965 4.952
154.529 3.65
57.0726 1.054
101.623 2.454
249.217 4.052
72.2375 3.286
66.9098 1.318
95.2754 1.18
105.154 2.514
47.2145 4.048
134.995 2.59
124.575 2.692
71.2455 0.62
67.3753 1.542
213.415 5.958
31.2877 5.044
186.86 0.182
179.797 4.784
67.0895 1.796
162.52 4.572
105.981 1.744
23.3629 1.054
175.777 5.124
178.006 4.648
171.609 2.742
36.5947 2.2
8.46523 0.95
49.309 0.94
200.885 0.566
80.7436 3.974
124.738 3.35
80.4591 0.046
27.246 5.854
57.3053 0.276
81.5003 5.442
216.221 0.376
199.156 3.382
88.1946 5
110.548 3.306
50.3767 1.56
118.358 1.472
81.8754 2.108
110.957 0.588
203.997 4.49
188.911 0.85
115.803 0.584
85.9012 4.688
84.8363 5.748
165.717 4.102
241.842 1.962
47.3211 2.904
113.02 0.69
93.4103 3.296
15.1706 3.876
223.281 5.062
197.373 3.598
104.485 0.356
29.2918 2.676
67.4715 4.886
112.103 2.336
131.731 0.764
83.8381 0.084
37.6831 4.406
121.87 1.746
12.007 0.136
51.3841 2.35
163.94 3.178
25.5578 1.214
98.1341 3.662
69.3166 1.578
182.954 3.216
18.8625 2.96
202.267 0.486
115.317 1.946
87.0792 3.002
203.571 5.552
233.505 4.08
192.635 5.478
121.938 4.432
184.328 2.642
222.879 0.062
29.9776 0.938
178.56 2.952
131.991 2.494
197.249 0.116
38.7443 4.69
156.056 4.06
191.334 1.186
9.39839 1.99
198.629 4.528
158.668 1.206
190.792 4.592
246.961 4.828
216.645 4.648
227.942 4.924
142.768 3.002
91.6838 4.082
72.4811 1.662
107.281 5.434
91.0439 1.346
155.396 5.458
185.841 2.448
223.82 1.564
42.5176 4.718
13.9588 4.664
123.442 3.774
64.1468 3.458
197.229 2.968
140.291 5.454
36.1744 1.836
169.981 1.658
187.736 1.124
177.317 0.018
183.287 4.11
229.314 2.476
47.9931 1.174
131.836 4.046
102.247 3.534
217.994 1.386
47.5914 5.262
115.196 4.052
172.285 2.254
217.686 3.618
75.2885 0.192
212.774 4.06
44.0706 2.882
79.6827 2.898
201.524 1.4
107.86 2.936
33.0827 0.266
194.852 0.486
18.1077 1.318
18.1964 5.732
183.821 2.372
110.461 2.102
209.375 1.544
246.579 1.046
28.6796 3.294
183.516 2.504
131.177 0.226
143.612 1.008
104.734 4.592
161.627 4.48
231.181 5.81
237.733 3.024
161.727 2.488
45.3668 0.54
245.873 1.046
89.0893 3.858
188.794 2.488
53.2286 4.374
130.892 2.708
105.319 1.78
90.553 3.736
124.983 5.506
192.048 5.138
52.4475 3.782
208.705 1.876
149.646 0.786
168.153 3.058
62.5088 1.346
38.8131 2.674
138.38 2.98
238.936 0.526
23.2194 0.16
120.52 0.838
237.572 1.826
21.2187 3.022
170.68 3.188
16.7038 1.16
173.567 1.226
115.102 2.648
104.749 4.486
181.115 1.858
59.0459 3.17
166.205 1.258
18.893 0.668
124.847 4.498
163.164 4.704
55.2864 2.39
166.193 3.848
166.061 3.29
248.362 2.77
60.8457 0.95
46.9601 2.946
169.727 0.456
37.7629 0.548
170.322 1.58
73.1265 4.166
104.754 0.864
130.405 0.814
131.085 5.6
138.648 1.878
99.8478 2.992
35.4826 0.76
116.763 3.224
167.783 3.928
176.029 1.418
64.3412 0.144
212.677 2.554
144.578 3.166
75.1328 3.872
164.813 2.742
190.924 1.726
218.08 2.45
9.38335 0.178
85.7009 4.26
72.3426 5.046
49.2554 5.26
177.199 2.676
22.8948 1.5
85.1943 1.206
141.179 0.1
14.8911 2.982
44.7905 1.172
38.4085 1.276
129.221 1.418
196.574 4.35
79.8737 3.846
34.8781 2.952
126.493 5.962
143.244 5.914
234.8 5.186
155.519 1.568
176.289 5.524
89.4212 2.874
10.8788 4.136
222.759 1.482
197.635 1.532
84.6941 5.594
118.786 0.766
97.0566 0.424
21.3703 4.506
34.9776 1.222
152.749 3.358
56.6938 5.522
170.951 4.808
15.7677 5.286
213.907 1.886
87.8347 0.85
61.7525 4.068
211.321 4.506
121.417 2.676
28.4767 5.546
198.684 1.64
222.771 5.22
215.034 2.466
149.476 1.996
144.098 1.48
180.543 2.016
18.2776 0.834
201.919 0.048
71.9503 0.748
191.464 0.608
188.06 5.348
101.996 1.73
244.428 0.664
45.4995 2.666
79.4222 2.442
153.12 0.87
56.7352 4.708
50.7153 2.61
90.0818 5.99
94.7811 5.426
40.5083 4.182
154.977 4.072
127.474 0.816
226.545 5.424
26.1144 5.87
90.1236 1.264
48.0889 1.418
182.094 1.502
25.0294 5.516
12.8762 4.734
127.769 0.262
153.983 5.93
38.4467 2.872
174.704 1.976
84.5984 1.012
11.8392 5.096
227.642 2.2
113.573 3.21
154.992 0.454
17.7965 0.384
178.368 1.088
231.203 1.478
145.088 4.152
31.2761 2.716
37.0087 4.25
174.675 2.44
20.2338 5.026
76.4718 4.38
55.1516 4.018
37.5393 5.996
172.585 4.38
46.1862 2.782
51.2436 2.182
187.549 0.286
246.918 5.354
52.1073 4.326
157.285 5.636
55.2993 4.746
103.837 5.696
204.72 3.724
113.689 4.646
185.145 2.11
207.208 0.346
146.502 0.08
105.893 0.73
161.197 3.968
180.569 0.198
126.44 1.658
152.717 0.436
154.831 0.86
195.269 0.598
176.097 5.436
101.21 3.77
104.964 0.24
113.27 2.93
135.216 5.506
242.231 1.15
155.898 0.706
199.919 0.518
196.626 2.966
87.5528 1.302
174.197 0.554
24.4081 1.52
96.4314 4.352
86.4916 3.092
224.886 3.598
164.214 0.056
126.379 1.248
76.1656 5.906
50.4287 0.49
177.684 2.854
103.835 4.444
211.677 1.064
103.129 2.806
166.605 0.316
52.9543 5.33
223.459 1.396
237.939 0.19
191.419 2.666
17.7036 4.288
14.8179 0.768
137.068 4.416
55.0838 0.616
132.421 2.786
222.153 5.066
105.457 1.318
204.645 0.376
134.945 4.06
232.394 1.346
243.034 2.544
69.8792 1.98
207.312 3.262
232.143 0.866
11.8641 2.204
105.963 1.256
55.4487 5.912
230.116 2.648
13.837 0.3
217.01 5.386
210.432 1.364
24.7604 1.5
85.8325 4.252
115.11 5.098
182.108 2.112
197.757 0.726
214.753 0.008
235.332 1.98
88.2049 1.296
202.85 0.446
59.6909 5.378
137.213 2.902
26.0048 0.088
10.7261 3.824
144.846 0.932
146.712 0.366
134.206 1.25
27.6876 1.6
48.1554 2.862
70.9646 3.112
228.561 4.526
158.17 1.21
161.697 2.724
164.575 3.348
187.981 1.108
198.714 5.166
223.758 1.046
203.203 1.296
95.8896 2.268
30.0551 0.942
172.186 5.996
14.0492 5.974
131.379 2.498
84.7637 5.708
235.249 3.416
101.38 5.312
150.236 3.144
156.774 3.79
145.179 2.28
249.1 0.396
133.562 3.838
60.6058 2.03
66.7303 3.734
73.962 5.066
16.6746 5.662
43.3055 1.186
118.124 2.41
114.444 3.022
142.461 1.678
40.6354 4.532
35.6531 0.23
200.725 1.466
37.059 4.05
82.3594 4.852
59.4248 5.152
147.141 5.568
149.228 5.804
243.726 1.074
150.192 1.698
181.365 3.88
130.686 1.268
32.0695 5.25
68.7404 0.556
212.081 2.174
41.5478 3.132
195.629 5.946
62.8958 5.042
201.034 2.084
131.552 4.406
131.351 5.682
73.1662 2.27
94.4742 5.702
17.0116 4.238
21.7643 1.826
95.9506 2.394
188.9 5.534
62.6596 5.628
66.111 0.25
234.728 1.916
24.3072 4.276
42.0915 2.474
163.595 3.838
14.7423 5.166
246.661 1.576
125.985 5.726
93.9984 4.86
189.668 3.762
15.5079 3.996
155.436 5.13
190.212 4.048
237.112 5.216
202.626 2.288
110.168 1.754
29.957 5.176
95.1422 0.024
132.14 5.096
89.2209 4.314
79.8169 4.434
127.785 2.17
204.427 1.584
239.147 0.842
220.311 0.706
89.5842 0.502
101.144 4.104
8.35296 5.968
120.079 1.948
240.663 5.032
206.585 1.324
148.437 5.102
190.407 5.152
242.057 0.726
19.3745 0.36
223.803 4.786
114.929 1.854
214.305 4.18
81.9999 0.67
239.897 2.908
48.868 4.634
46.7835 5.668
12.3612 3.73
226.2 4.368
15.7654 0.356
112.734 5.016
235.132 3.048
146.01 3.492
15.8156 5.182
134.452 0.938
228.243 3.036
51.327 5.892
226.762 4.2
233.41 2.526
17.5978 4.544
8.88964 5.384
18.71 1.474
195.892 1.098
107.169 3.582
94.6498 4.95
121.539 4.196
195.024 1.954
248.08 3.316
15.3933 2.544
155.923 1.294
40.7204 2.182
172.52 1.974
41.2759 3.012
38.1058 5.096
111.6 5.428
74.9475 0.638
157.264 2.276
150.691 3.012
182.234 2.276
138.349 5.48
68.1354 4.744
11.6872 0.756
9.24444 2
180.047 3.662
242.357 0.156
94.3322 3.304
242.934 2.35
194.388 0.59
57.1844 0.978
51.0287 5.688
205.367 0.446
42.6608 0.498
154.471 3.448
127.7 5.736
173.906 3.684
147.474 5.78
227.413 0.812
93.3174 2.198
25.1646 2.352
226.43 0.326
126.815 0.178
12.2711 3.642
47.7734 4.31
95.0911 4.652
69.1109 4.876
185.525 5.35
82.5965 5.224
227.421 5.136
228.235 1.548
47.6583 4.96
46.3871 4.714
15.5231 3.348
232.982 2.104
86.0934 5.092
15.6066 4.942
65.9795 1.066
59.6075 3.378
174.201 2.024
182.719 1.866
105.295 2.028
10.7913 4.404
167.343 5.07
22.1043 4.858
49.8217 1.634
41.7127 1.178
225.982 3.394
78.8921 1.808
207.086 5.452
167.659 2.658
232.357 2.658
243.203 5.42
30.5832 1.072
168.886 0.322
173.885 1.596
146.59 4.494
190.09 4.472
33.3862 1.06
137.237 5.906
33.0998 0.556
19.3539 1.66
245.593 0.902
163.787 0.544
145.959 5.234
35.3875 0.278
110.03 1.686
94.5097 3.796
37.9541 0.472
186.402 4.644
238.166 2.348
14.0913 0.94
210.202 3.62
58.875 1.168
60.6539 3.828
202.894 4.42
21.9278 4.846
107.615 0.424
212.261 5.488
138.545 5.834
186.773 3.058
230.641 5.928
165.874 4.152
56.0328 2.994
140.092 0.74
105.472 1.456
22.1937 0.998
247.093 4.44
48.1626 4.376
203.443 0.22
16.0193 5.526
186.185 1.584
215.935 0.212
87.8966 1.462
22.0355 1.82
50.9402 3.45
154.579 2.226
159.172 0.644
173.321 3.202
13.2893 0.78
216.059 4.376
100.366 1.55
60.9314 5.956
201.194 0.148
74.6055 5.632
39.7305 1.152
46.791 0.936
198.836 1.37
43.2505 2.356
11.3889 1.274
40.505 5.662
89.135 1.138
103.713 3.058
124.638 1.376
11.7335 2.16
86.7192 0.46
166.644 3.896
15.7037 1.284
100.565 4.236
159.879 1.002
19.3118 2.136
19.2387 1.432
145.521 4.508
9.40724 1.408
139.777 4.8
143.538 0.338
235.508 2.894
164.127 2.95
111.539 3.894
61.5853 0.066
88.891 3.032
49.819 4.71
177.96 5.002
208.123 2.882
211.416 1.702
16.5387 0.79
203.174 2.72
220.655 2.95
248.501 3.976
146.794 2.088
222.095 5.548
185.68 5.722
113.975 0.462
93.62 4.108
72.4193 0.55
27.364 2.978
95.4701 3.472
175.743 0.848
11.5626 1.236
89.5379 2.646
157.448 0.41
13.7955 1.136
242.53 2.782
157.97 5.844
149.644 2.49
190.634 2.194
248.908 4.304
80.0674 4.728
82.134 3.472
59.0414 4.934
175.243 0.224
117.714 2.886
23.478 3.356
246.315 3.344
26.2689 3.634
41.7974 1.186
65.0466 4.578
191.357 3.13
37.4534 2.368
178.331 5.614
84.2954 4.032
107.247 4.97
11.7738 1.882
195.363 3.652
88.8763 0.104
36.456 3.442
178.217 4.49
25.5671 5.068
80.9411 4.466
88.8338 3.058
84.3414 3.562
220.443 1.29
152.186 1.434
95.8513 2.462
231.357 2.886
77.7324 1.59
38.4918 3.056
40.0992 1.436
142.293 2.202
142.857 2.182
12.5847 0.902
199.915 1.674
78.7954 0.918
111.096 2.39
234.011 0.572
133.946 1.828
191.185 3.944
114.066 1.05
61.3243 4.234
51.7173 1.502
35.0599 2.19
50.1634 1.538
229.904 2.114
106.812 0.424
14.4428 4.686
99.3398 4.548
172.673 1.438
217.125 4.218
201.204 1.394
219.006 3.74
148.415 0.236
226.442 5.368
84.4469 4.496
138.25 4.136
83.1419 3.706
50.468 2.95
127.193 4.334
230.123 0.034
156.33 2.812
233.486 1.89
126.999 4.632
75.2141 2.432
235.767 5.08
185.432 4.622
15.3973 5.564
63.2177 5.928
32.5878 3.266
217.169 1.17
197.567 5.15
177.814 0.718
19.6834 2.598
141.929 4.79
146.637 2.83
18.4446 3.92
45.6914 4.502
116.281 4.786
46.8498 1.054
143.046 2.704
54.6005 0.514
77.4681 1.472
173.408 0.614
117.142 5.516
150.237 3.896
155.159 5.664
