# List of selected events
# Recoil energy (PE), recoil time (microsecond)
111.189 2.24
157.365 4.388
68.4338 1.272
64.7699 3.726
17.4836 0.884
65.0207 0.266
152.692 5.908
163.631 2.89
242.629 0.278
248.867 2.132
58.195 0.624
242.107 3.152
63.1004 2.454
104.52 3.982
100.482 1.318
33.072 5.874
49.7213 2.08
58.6305 4.292
21.328 3.762
182.244 5.298
164.414 2.8
37.2348 2.006
200.805 2.256
32.3647 1.2
94.0375 0.562
157.144 5.66
13.9955 0.08
137.566 4.306
160.567 4.832
130.878 4.042
115.84 5.488
216.469 2.594
128.781 2.732
72.1912 4.706
166.911 4.788
74.4904 1.864
118.686 5.602
54.5934 4.214
230.726 5.606
156.475 3.844
149.246 0.612
59.249 2.264
61.7966 0.418
159.901 4.912
10.9585 1.58
87.7212 3.726
27.0839 3.114
108.686 5.29
41.764 3.17
200.546 0.274
242.245 4.396
30.7603 2.428
244.697 1.794
203.212 5.026
136.841 2.776
91.961 3.362
91.8729 0.804
198.966 3.646
23.4518 5.068
100.891 2.296
229.659 0.342
133.671 0.168
153.508 1.052
13.2673 0.126
33.3925 2.678
110.977 0.848
234.545 5.096
79.0536 2.71
164.873 1.328
210.713 2.284
25.1141 1.286
201.64 1.096
99.8414 1.902
225.741 1.116
130.3 2.144
241.853 0.026
49.3453 3.832
69.3767 4.026
79.9617 3.942
14.4332 0.9
244.304 1.586
118.637 4.438
33.8597 3.84
232.27 1.062
104.238 5.452
153.49 3.89
211.566 3.72
10.5498 0.58
155.584 1.486
14.4463 0.624
20.3397 2.962
180.904 1.152
175.648 1.08
35.4337 3.78
164.28 0.324
12.3842 3.96
225.766 0.72
9.29102 2.38
107.77 0.048
207.753 2.526
93.9459 4.646
206.18 0.812
136.466 5.75
158.893 3.988
49.813 4.724
62.1166 0.612
20.1449 0.704
204.243 4.47
172.205 3.846
78.9265 4.412
20.3478 0.682
164.774 3.866
19.1816 1.364
129.273 2.318
187.132 3.812
77.5708 5.2
169.201 1.308
99.7027 4.366
131.391 4.536
35.8177 1.832
14.9372 1.018
156.964 0.136
243.774 4.19
47.8521 1.802
19.1949 0.258
149.199 4.148
14.9022 4.912
218.945 3.19
58.4195 5.816
174.204 4.38
225.373 0.69
203.12 0.202
173.094 1.134
52.8674 3.02
11.7502 2.116
235.722 3.32
56.4914 3.014
171.864 1.304
56.5053 5.694
159.375 5.646
24.2521 4.74
192.519 0.666
48.9332 5.718
13.1286 2.352
16.9021 1.332
14.2274 3.934
236.909 1.092
122.043 3.778
9.71932 5.13
219.444 0.5
147.724 2.414
153.785 2.574
37.6153 4.448
229.285 0.702
52.997 3.298
135.183 5.826
228.161 4.63
193.253 2.954
26.2679 1.314
35.9482 5.11
23.299 5.176
39.0437 3.71
196.925 1.244
224.507 4.414
198.225 0.812
229.703 2.362
71.3063 0.136
140.818 3.552
33.4945 0.05
91.5113 1.586
163.309 4.68
243.859 3.84
194.535 1.868
155.502 1.16
137.939 3.964
15.2362 5.692
94.3741 1.82
237.676 0.746
192.351 1.586
67.4302 0.75
248.608 2.656
107.226 0.356
72.8327 5.266
110.129 3.384
16.0847 2.12
169.439 1.126
93.9917 0.044
243.764 1.5
55.8786 5.036
164.495 3.758
82.908 4.236
18.8943 1.22
242.976 3.292
224.024 1.316
145.29 0.23
178.893 3.108
121.51 1.85
34.4965 4.58
44.1934 1.606
18.3927 0.436
226.708 1.784
128.889 5.144
185.181 5.292
192.383 2.464
206.063 1.132
14.2155 4.35
34.8051 0.89
20.3793 0.738
166.668 2.82
136.867 4.756
120.319 0.89
125.535 0.18
30.9915 1.154
223.273 0.608
77.2374 3.784
114.525 4.4
15.1985 1.068
178.224 3.372
236.646 2.518
202.987 0.828
132.464 5.956
223.086 3.022
201.494 2.08
74.6832 2.898
216.649 3.746
127.902 1.85
210.191 2.392
148.558 4.012
226.932 0.02
202.349 0.232
93.3319 0.412
224.502 1.578
56.4671 2.576
245.645 3.502
153.76 0.686
12.4852 2.438
159.817 0.95
149.069 0.542
219.623 3.22
229.315 2.762
102.546 0.972
116.901 3.624
238.508 5.374
165.229 0.718
203.784 1.026
230.564 3.32
11.8227 0.3
16.3899 2.098
23.1501 0.388
200.999 2.606
162.053 0.704
26.8526 5.704
188.02 2.536
91.1429 3.406
201.422 0.474
201.916 1.74
197.916 2.884
36.797 0.534
205.429 3.634
15.1137 5.536
12.9353 5.34
144.717 3.778
62.9236 2.382
70.0085 5.888
149.601 2.518
47.3238 1.96
190.861 1.94
144.306 5.96
215.807 0.704
175.511 5.676
86.2993 0.892
229.665 1.104
183.018 4.824
34.6801 4.728
205.326 2.038
53.5532 4.072
168.585 3.682
62.293 2.4
16.2397 1.128
187.441 2.826
172.424 4.748
86.6398 5.774
97.7872 1.206
237.519 1.044
202.699 5.15
12.6273 0.786
192.469 5.632
130.461 0.144
61.999 3.192
26.3234 1.192
74.4525 2.328
21.863 2.004
104.976 5.824
210.796 0.68
91.6378 3.136
174.53 2.358
171.163 3.38
132.392 3.674
223.421 5.956
203.57 5.02
75.3471 5.15
197.501 3.47
174.46 1.632
91.957 5.518
145.606 0.442
133.533 1.064
186.143 1.636
81.7837 1.832
139.402 0.178
170.974 0.792
85.0015 0.904
126.93 3.606
155.766 3.658
113.412 0.156
186.111 0.97
81.5104 1.19
57.7974 3.606
156.587 0.634
78.105 0.954
19.0413 0.278
58.8896 5.022
111.49 3.56
60.9603 0.328
22.4696 1.476
217.692 2.146
199.417 0.352
34.29 2.936
115.898 2.876
117.92 5.296
16.261 5.622
142.179 1.248
33.4274 2.728
14.7976 0.558
249.202 1.558
163.676 3.154
86.1957 1.714
99.2377 0.536
11.7883 0.552
67.3728 5.852
154.813 1.288
115.387 4.752
171.717 2.07
74.3776 2.77
13.6316 1.096
163.806 4.63
186.902 0.64
144.596 0.732
31.4887 5.214
82.5033 4.726
95.527 5.952
67.0075 3.27
242.009 2.07
76.6436 1.39
182.578 1.066
219.951 0.396
134.585 1.044
72.4505 1.78
121.325 1.098
103.52 3.274
125.597 0.6
188.793 1.722
75.995 2.43
217.555 2.606
138.884 2.15
27.6148 5.708
234.5 2.862
134.837 4.532
93.0592 2.012
172.025 1.246
176.968 0.23
160.943 2.666
16.4482 0.562
8.16587 0.444
105.105 5.472
179.209 4.544
161.719 2.224
168.422 3.778
225.896 5.422
57.6675 2.218
40.1208 1.364
11.588 0.45
188.455 2.238
170.081 5.646
224.074 1.174
37.6274 1.466
62.2544 5.942
106.806 0.934
18.0058 5.888
102.907 1.208
24.0012 3.868
213.983 5.04
44.1937 2.998
194.875 1.694
184.314 1.162
161.52 1.99
19.5267 0.63
120.07 3.702
102.486 1.438
28.0554 3.966
12.0508 1.572
15.8856 5.712
162.972 5.968
28.3755 3.392
27.7945 0.712
131.196 2.83
196.289 3.948
241.22 1.072
196.339 0.3
230.279 2.508
21.1109 1.102
19.5054 4.364
22.5182 1.36
166.76 2.796
96.9387 0.118
14.287 0.954
214.511 1.272
198.64 0.26
29.1996 1.144
148.33 1.536
18.62 2.426
244.63 4.766
70.7659 0.75
47.9976 5.224
76.4523 5.11
246.588 1.558
60.513 5.292
167.164 3.914
121.519 3.298
80.1067 1.236
70.6997 1.028
113.13 1.346
190.518 0.058
92.2459 2.732
95.0228 0.462
240.431 5.564
157.886 2.386
67.0134 1.898
136.149 2.678
200.222 0.878
133.401 1.662
158.67 2.482
184.943 5.014
229.48 1.966
205.715 2.062
28.0227 1.69
46.9059 0.14
45.9239 2.112
193.054 5.346
235.708 3.652
101.984 2.832
205.303 1.222
192.857 1.246
19.2779 3.262
248.369 5.388
38.118 0.37
245.176 2.582
216.647 2.862
38.7435 0.776
24.5107 3.332
171.418 2.406
113.864 3.06
14.7215 0.936
144.925 5.612
148.182 1.546
11.9541 0.766
241.385 1.576
16.6071 3.796
43.7233 0.708
74.5145 4.342
144.288 4.166
217.717 3.514
9.32427 4.014
84.563 0.706
131.976 1.174
164.523 1.886
61.8977 1.162
179.123 3.494
234.422 2.02
143.727 5.586
191.107 1.87
164.571 5.562
195.624 0.356
185.853 3.484
113.106 1.83
38.2639 1.476
24.8686 0.718
127.36 3.896
129.672 3.46
144.417 3.74
87.6882 4.482
72.7621 2.704
228.18 1.868
208.045 4.622
20.0844 5.018
224.978 1.388
125.472 0.34
39.3157 2.256
59.7688 4.006
240.791 2.112
128.373 0.238
238.24 3.268
60.2659 1.644
123.974 0.204
12.1136 1.822
60.5721 3.528
198.603 2.238
42.679 0.078
95.6268 3.828
37.1855 5.33
68.5153 0.418
128.168 0.164
166.474 0.77
51.1297 0.582
14.7327 2.094
183.399 5.346
45.054 2.13
48.6327 0.888
97.8413 5.574
41.6831 0.002
12.4563 2.716
22.2882 3.65
196.936 1.604
233.956 3.496
116.41 0.526
120.624 1.232
177.911 5.21
232.827 5.506
35.533 4.756
15.9729 0.168
54.0989 5.4
220.296 1.732
88.3381 1.006
176.23 4.726
128.498 0.952
81.5175 3.822
190.58 2.45
83.7317 3.608
150.983 5.836
86.2463 3.988
215.233 1.882
11.2037 1.586
83.0813 4.226
222.286 3.786
29.7493 4.892
117.094 1.634
22.5868 5.236
153.004 5.664
200.205 0.352
147.256 3.756
43.6681 2.69
77.4769 4.4
44.0011 3.868
64.8627 5.704
18.6621 1.692
179.61 0.66
19.8483 1.976
217.299 3.732
15.5158 1.632
190.322 3.57
79.1026 4.32
11.1985 1.198
155.569 5.14
236.44 0.226
153.305 0.046
204.494 2.932
24.2192 0.658
206.901 4.958
203.574 1.742
219.325 1.916
196.278 2.532
73.5269 3.902
18.1415 4.388
15.7211 3.548
12.9946 0.488
51.3125 3.442
235.334 4.058
153.998 4.612
86.1031 5.362
233.386 3.944
71.0183 1.426
131.626 4.196
226.922 1.202
112.969 0.032
38.8605 3.17
229.629 0.832
166.304 2.192
11.5418 1.5
13.6698 4.33
202.909 3.05
245.303 0.546
134.002 0.386
15.1418 3.274
22.4238 1.88
231.943 5.292
153.518 4.224
148.907 4.952
160.247 1.482
12.6473 2.19
189.105 4.288
155.891 5.582
17.3879 2.6
79.0099 3.822
216.866 4.21
200.313 0.094
96.937 4.18
31.25 0.362
20.7 5.846
78.744 1.088
145.112 0.694
220.729 2.84
183.963 5.81
173.038 5.494
11.0466 1.924
111.387 4.226
12.768 0.256
174.437 5.024
147.432 3.238
174.476 0.026
115.418 0.614
247.495 0.902
233.875 0.59
245.133 0.896
233.67 3.092
196.178 3.532
163.231 5.344
93.6265 2.606
159.871 5.316
40.6952 0.336
128.281 2.344
47.0467 1.996
28.6308 4.91
167.143 4.584
152.049 2.942
204.896 3.134
47.5581 0.212
107.661 1.392
156.933 5.094
33.006 4.252
15.6693 0.604
67.817 3.854
8.70151 0.834
9.50301 2.032
133.213 4.712
174.534 1.754
195.153 0.91
16.4609 1.84
60.6728 2.92
48.4366 2.84
184.645 1.358
38.5364 0.806
247.704 2.206
202.149 5.568
134.19 4.378
34.0702 2.112
236.99 3.67
66.1158 0.946
16.7881 0.59
247.815 1.634
68.9898 3.108
47.9166 2.306
18.7863 1.064
19.6906 0.22
43.0901 5.126
78.9738 4.198
48.9041 1.582
39.716 5.306
19.3793 1.836
136.822 2.288
26.87 1.678
47.9707 0.912
210.239 3.32
58.1088 1.584
128.861 1.762
214.379 5.41
97.3879 2.462
11.904 3.522
124.757 5.842
19.7483 1.882
16.0759 1.224
192.326 0.69
172.321 0.442
142.061 3.218
108.241 0.954
244.023 1.358
136.068 5.734
221.566 5.738
32.4561 5.422
122.602 0.132
123.758 1.424
171.144 1.764
230.529 1.776
123.409 1.75
18.659 4.7
123.52 5.57
85.0324 5.286
71.9068 0.71
94.7586 3.656
59.8462 3.29
12.7501 5.158
69.3971 2.352
217.71 0.618
83.2824 1.702
216.328 4.9
20.6343 3.782
39.01 3.408
17.415 0.856
155.824 4.904
188.91 5.568
38.7243 2.572
137.337 1.458
192.071 5.608
19.6771 2.372
242.057 1.968
180.002 0.456
23.0295 1.472
168.884 2.254
125.727 4.952
103.904 0.464
19.3471 3.728
185.723 0.042
39.1142 4.136
228.14 1.248
34.2304 3.058
246.328 0.278
63.0594 1.622
220.143 0.896
174.52 2.794
239.55 3.522
63.7425 2.28
14.563 2.908
9.12518 2.538
125.609 5.892
62.6201 3.74
235.676 4.842
43.3656 4.07
157.807 2.424
57.6464 1.466
100.081 5.376
244.457 0.872
186.916 5.314
57.7994 4.216
222.676 1.484
94.6234 3.096
155.982 0.696
169.617 3.414
73.5179 1.48
20.6865 2.752
77.5784 4.324
70.6715 4.432
155.005 1.516
158.67 0.176
25.3291 0.784
207.989 5.644
180.618 2.08
155.302 4.528
24.8463 0.638
44.4425 0.318
32.5386 3.836
26.9864 2.872
54.7625 1.502
41.8939 3.474
84.9122 0.414
216.16 5.014
16.4832 0.474
169.864 3.11
75.9198 4.81
43.5091 2.74
24.3153 1.136
166.219 2.93
39.4701 0.034
19.8379 1.564
185.197 5.648
43.949 0.312
28.9198 5.61
215.934 1.266
130.761 5.888
25.297 2.414
88.3165 0.496
33.5726 1.854
205.815 5.968
106.65 5.426
52.0375 2.362
17.7024 5.186
66.6818 4.652
56.9724 1.2
147.963 5.046
175.306 2.91
248.967 4.25
23.2198 2.044
157.452 1.396
248.843 4.22
15.742 1.142
184.525 4.154
137.512 4.932
163.183 5.706
28.6998 0.326
165.307 4.08
211.87 3.644
24.5951 2.952
99.5729 2.458
75.7313 4.818
48.0314 5.14
193.962 3.75
25.3674 1.204
214.42 2.788
239.221 3.412
191.346 4.674
26.6557 1.266
120.31 0.552
30.4273 5.108
204.83 5.586
126.526 1.582
209.221 3.342
13.8855 0.846
129.169 5.99
17.2288 0.668
54.1313 1.926
46.2224 3.386
102.335 1.74
209.185 3.896
132.914 0.746
203.95 1.062
147.488 1.686
137.623 4.968
77.3308 3.954
34.168 0.688
220.684 3.532
21.3664 2.244
59.3314 4.274
206.35 3.478
17.6153 5.92
249.736 0.288
179.707 3.536
237.077 1.618
188.127 1.66
249.364 0.506
141.161 3.624
222.186 5.662
161.342 5.236
84.0459 3.938
215.535 2.924
24.9748 4.248
42.3723 3.248
71.5123 4.85
231.551 1.684
236.845 5.29
76.893 3.992
220.956 2.498
10.8798 0.58
216.662 3.942
143.901 0.102
200.099 1.756
184.359 0.456
141.632 3.406
16.2162 2.138
135.429 3.308
129.298 0.946
49.3563 0.34
15.763 1.46
227.572 5.486
231.148 4.384
236.867 2.964
245.934 4.638
82.7745 1.336
14.4472 1.014
65.3712 3.63
235.52 2.618
149.533 5.66
106.956 3.668
13.1654 4.144
224.574 5.546
14.6509 1.266
173.18 2.972
91.5377 4.672
148.63 3.546
55.6315 1.402
241.176 0.564
195.089 3.046
68.9312 3.972
240.267 4.63
127.443 2.366
39.3206 5.108
180.614 2.354
242.842 5.526
217.857 4.476
151.616 0.88
98.1074 1.716
17.6195 0.206
77.283 1.452
230.615 1.83
196.736 3.708
152.235 1.232
181.142 3.01
10.4513 1.82
132.128 1.62
13.6491 3.594
95.2152 2.66
105.211 5.684
42.0503 2.126
224.002 5.946
168.637 0.458
207.67 2.854
200.456 3.398
185.809 5.624
42.163 1.272
37.5019 5.87
237.981 4.864
113.585 0.446
68.5895 4.986
192.289 1.542
228.274 3.876
60.1752 4.038
173.263 5.03
126.753 4.4
109.932 4.924
145.834 4.67
10.4895 1.336
159.138 2.578
44.0875 3.404
20.9878 4.198
131.66 4.04
192.784 1.512
215.338 4.394
209.051 1.156
83.7404 0.134
11.5444 5.714
132.743 0.476
103.243 5.07
191.158 5.412
181.969 5.62
104.421 4.548
31.4779 5.592
247.812 1.194
71.5765 0.106
114.529 0.716
35.2769 0.736
10.8011 1.144
169.16 4.372
174.104 3.082
9.87707 4.308
44.5459 0.76
73.5931 3.164
20.0371 3.606
228.567 3.71
10.0621 0.756
248.14 1.088
97.4168 0.5
228.667 0.486
11.44 1.242
226.884 5.638
156.936 0.704
89.4124 5.798
152.913 4.522
35.902 3.838
192.499 4.932
95.2459 1.026
214.645 4.592
209.03 3.718
24.0635 4.234
21.5805 0.052
236.067 4.608
50.0437 1.446
230.658 0.346
235.921 5.128
100.899 2.732
42.3953 2.516
248.139 0.874
243.613 0.548
39.6249 5.944
243.447 4.53
109.275 3.102
27.8835 3.572
156.039 1.15
152.011 1.62
22.0411 3.514
100.657 0.232
35.9659 4.77
11.2896 4.192
36.789 4.444
111.086 4.826
28.0862 0.71
119.413 4.97
21.8977 3.49
12.3402 0.86
19.1399 3.572
8.72506 4.436
38.2332 3.826
164.782 3.378
62.4583 0.07
137.919 0.364
11.1539 1.19
103.84 0.652
63.7703 1.112
62.1128 3.708
109.287 3.516
192.007 5.318
10.7838 0.748
135.796 4.348
51.3987 2.906
155.588 0.514
95.2242 2.376
196.595 4.504
67.7829 1.06
76.7097 4.268
219.146 1.698
33.9074 5.854
139.059 0.446
86.0515 0.462
170.246 3.738
48.1774 4.798
9.21617 3.322
108.71 4.864
30.6436 2.376
218.464 4.43
236.375 1.97
86.1118 1.048
209.963 5.248
17.047 0.996
230.575 2.332
212.915 1.112
42.4922 4.486
181.612 0.654
102.688 1.482
27.3978 4.824
56.4282 1.812
55.4292 1.106
117.154 5.164
213.752 4.736
40.2789 2.072
129.182 3.068
246.54 1.138
234.847 0.528
134.31 1.618
166.908 1.464
22.491 0.986
154.307 3.128
241.877 2.472
14.2157 4.614
168.821 1.408
191.647 3.386
168.203 4.72
170.261 1.52
88.3857 2.884
106.893 0.056
101.504 1.726
162.917 1.054
155.027 3.422
88.7451 0.258
97.0331 5.134
131.209 4.022
17.2447 2.13
167.228 0.482
37.3517 3.02
202.843 5
28.3179 1.26
14.8768 4.212
183.911 2.864
68.376 5.552
17.0028 3.64
201.083 1.638
226.959 1.488
106.308 3.936
133.405 4.154
224.721 2.12
137.693 1.742
44.4552 2.324
19.6319 0.978
57.2245 2.658
180.648 0.726
42.5586 5.124
150.185 1.196
178.131 3.898
228.869 3.392
82.873 3.93
70.7774 5.14
33.3738 0.558
224.999 5.05
85.2668 2.866
91.7573 0.666
45.2264 4.2
60.0303 0.374
22.75 5.068
227.564 4.328
76.2568 4.98
35.3357 1.546
113.866 5.616
244.636 4.472
172.081 3.782
135.007 5.134
11.1557 2.154
141.291 2.718
148.669 1.682
33.5003 0.566
78.0248 0.362
58.9954 3.452
24.2645 2.238
224.505 1.042
190.927 3.68
112.853 1.052
43.4828 3.244
145.519 2.028
42.8403 1.67
142.299 0.768
140.132 0.08
188.292 0.81
33.8548 0.498
20.5469 5.184
114.721 2.21
244.868 4.252
124.874 0.88
27.7882 0.954
168.989 0.506
13.1616 0.564
196.187 1.49
101.368 4.322
155.777 4.448
122.823 4.35
36.5391 2.246
41.7895 1.594
166.848 1.102
202.275 1.376
12.4469 2.478
68.1477 2.51
50.0745 5.468
144.233 4.838
192.483 3.484
84.4836 4.786
167.577 2.57
121.666 4.106
168.029 2.728
15.8849 3.09
100.447 0.016
66.8778 3.026
242.976 4.11
142.349 1.34
61.3982 5.326
138.898 4.206
118.157 0.914
235.842 0.596
61.7729 4.116
190.229 0.772
176.131 1.726
75.6593 2.72
9.78916 2.334
45.3588 2.084
39.7537 5.942
245.436 1.842
127.456 5.022
249.64 1.864
204.965 2.066
115.041 2.302
184.317 5.684
164.565 4.654
144.742 2.544
66.6506 2.256
191.643 0.256
189.01 3.568
205.987 2.55
78.0155 2.884
96.8549 2.864
212.975 2.974
82.319 2.714
32.8612 4.762
82.3989 5.124
28.953 0.222
147.207 3.438
216.317 4.914
25.7011 5.962
71.155 2.178
116.382 1.134
68.889 2.414
124.026 2.652
16.4438 3.022
61.3509 5.208
24.1253 2.518
242.618 3.674
61.1291 4.304
58.8921 4.492
174.278 1.786
51.6529 2.174
84.6037 5.354
247.546 0.19
205.078 5.352
161.122 0.036
215.024 0.702
159.184 2.176
200.362 1.906
76.3464 2.55
39.6061 0.944
35.839 4.708
186.08 1.152
191.928 3.714
141.187 3.96
35.1857 1.454
185.265 1.962
150.037 1.712
142.354 3.792
167.998 2.35
28.9091 4.55
184.472 1.074
197.471 3.86
12.0034 5.036
58.0447 1.97
66.8181 1.498
209.39 3.266
120.465 1.57
95.8797 5.834
205.759 4.164
18.2229 1.272
225.535 4.256
91.598 1.432
227.596 2.522
134.91 2.69
70.0816 5.326
17.5155 0.804
161.249 3.484
90.0461 2.302
200.407 3.09
226.685 2.538
184.832 4.182
99.0378 0.458
123.375 0.126
114.329 4.98
13.0646 5.374
216.79 5.376
241.382 3.514
145.261 3.826
66.3019 5.24
36.1165 5.834
136.753 4.646
77.8669 1.008
158.818 0.932
172.913 2.358
12.5518 3.942
25.8594 2.95
7.65642 2.71
134.398 0.49
114.301 3.664
173.929 2.64
60.6462 0.83
231.482 3.374
57.6696 0.454
91.8382 3.186
93.4162 3.39
187.498 2.636
58.1237 1.218
80.0431 0.402
238.17 2.672
73.0507 0.05
30.0786 1.948
11.6488 0.278
123.337 2.118
27.0253 2.366
171.885 1.718
215.457 5.95
78.4247 2.462
223.186 5.78
69.9672 2.866
15.0148 0.586
159.32 1.694
11.3814 4.202
189.465 3.68
70.309 4.604
96.245 1.182
233.092 4.332
99.2155 5.788
142.314 5.94
137.553 3.54
88.018 5.884
173.681 3.702
45.0371 0.618
33.1729 2.806
168.121 2.43
184.902 2.952
13.6136 1.238
163.845 1.928
172.519 2.744
205.241 1.482
13.282 0.398
148.152 1.94
41.1698 4.064
93.3141 1.244
51.7353 5.234
172.889 1.658
49.515 1.756
191.038 0.924
10.4803 4.416
112.929 2.596
69.934 0.21
11.7623 5.926
36.256 2.882
104.12 3.872
41.0099 4.138
50.8714 3.932
14.1148 4.256
31.7794 5.604
133.948 3.898
242.816 4.06
199.788 0.248
82.198 4.43
70.7131 0.508
70.9818 5.97
179.326 4.522
144.906 2.5
115.036 0.226
211.535 4.766
217.189 0.038
141.374 5.696
108.377 1.506
134.509 2.82
130.122 4.112
208.309 5.888
51.7654 0.826
112.653 1.646
222.285 3.488
87.1663 4.772
164.14 5.64
238.433 0.324
142.76 1.88
249.902 2.662
170.377 1.382
11.3623 0.678
15.3524 1.88
202.928 4.678
13.0318 0.294
189.733 4.69
133.053 1.336
25.1413 2.828
194.001 5.05
48.6291 1.156
41.9216 1.186
183.266 4.346
117.249 5.334
131.914 1.15
91.5692 4.378
124.686 2.518
147.993 1.08
204.598 0.834
155.508 2.308
138.574 1.032
20.2321 4.332
102.371 5.486
135.687 4.55
10.3928 1.764
14.091 3.542
51.4966 5.522
59.9019 1.02
76.6631 0.46
160.09 3.004
237.225 0.054
204.79 3.826
232.06 3.228
150.158 0.402
230.738 1.596
34.0026 5.57
75.8163 1.494
151.065 1.526
147.104 3.028
62.9275 1.29
193.895 5.222
36.0413 3.748
17.6677 0.498
46.6381 1.074
142.626 5.066
63.8579 0.252
242.495 3.424
45.2184 5.618
162.718 5.106
43.9732 0.078
21.3887 3.402
215.863 3.812
45.3829 4.21
15.4464 2.912
88.4813 2.804
122.236 1.682
167.886 4.656
151.25 2.896
69.7039 0.004
152.085 2.042
59.7208 4.426
181.521 0.752
99.0072 2.574
240.22 2.64
73.3548 3.828
228.214 0.378
106.618 0.314
150.078 0.912
188.849 1.542
111.881 2.382
229.092 1.612
45.5217 3.402
128.923 5.58
102.451 5.8
137.294 1.846
176.831 0.706
11.9553 3.69
34.7517 5.172
178.406 5.516
134.168 3.312
163.718 2.886
209.949 0.662
186.439 1.378
227.14 4.076
25.2415 1.11
227.277 0.87
200.537 3.304
29.9955 3.79
80.2064 3.55
45.6191 1.356
242.383 5.008
74.0775 2.282
138.052 3.154
11.5166 0.168
131.927 0.722
215.936 1.028
125.925 0.902
162.775 0.632
245.427 1.928
81.3607 0.61
243.818 4.568
134.786 3.032
76.0659 5.472
194.652 1.894
104.714 2.68
224.762 5.706
58.4718 5.082
16.8563 1.312
58.7748 0.386
233.546 2.506
163.157 1.352
35.514 0.014
180.131 3.448
110.157 2.952
249.921 2.85
141.676 4.68
55.8195 1.66
240.732 3.998
28.0736 1.728
26.7621 1.458
22.7535 2.724
223.201 0.294
60.7908 2.758
108.945 1.19
195.882 1.588
44.8744 4.414
158.016 4.798
63.8404 1.462
37.2067 5.206
24.6489 3.492
106.724 1.63
25.0674 3.142
78.6571 5.222
23.507 3.75
41.4301 0
16.2416 0.896
14.8235 4.466
23.0115 3.78
39.2073 1.98
176.664 4.646
22.8176 3.5
234.744 3.56
177.077 0.166
34.2661 1.416
91.2537 4.046
132.054 0.422
21.7731 0.238
12.1958 5.742
91.7315 3.948
100.871 2.29
217.034 5.614
16.4174 0.394
113.746 0.764
37.5365 2.896
36.4971 2.436
15.3154 4.5
114.198 0.406
114.062 2.144
68.2157 3.542
211.072 4.446
13.7977 3.456
23.5061 1.324
50.6799 2.542
28.4019 4.558
130.068 3.832
202.693 2.838
22.5904 2.448
67.0374 0.226
208.246 3.228
20.3587 4.314
147.486 5.124
177.606 1.596
193.127 5.766
146.726 0.202
147.974 5.6
199.284 3.346
96.471 4.012
49.2317 4.754
23.5667 1.28
75.1834 5.456
194.285 4.952
20.342 5.502
150.473 0.75
15.6252 3.132
162.112 5.048
161.648 4.274
45.4294 1.922
215.496 3.05
68.9615 1.392
215.659 2.762
74.2316 2.834
155.912 1.54
62.2014 1.218
163.818 3.65
165.515 2.516
61.3539 3.562
143.727 4.178
37.7425 5.756
221.111 0.116
165.254 0.524
228.752 3.562
211.16 3.452
13.7935 1.882
18.1252 2.946
69.4586 3.402
216.432 2.256
38.951 2.688
25.821 4.628
36.4669 3.63
131.277 2.962
231.312 5.376
57.2452 1.5
45.4847 4.316
12.0181 1.408
17.521 0.698
77.5369 1.854
191.882 2.32
24.4503 0.768
238.927 5.624
200.739 0.698
25.4944 1.532
81.5826 5.228
115.75 3.172
245.164 4.32
217.117 2.074
105.617 0.656
57.2091 2.73
69.1259 3.482
138.873 2.144
249.053 3.792
30.811 0.59
22.4808 3.284
152.429 1.74
30.2377 5.37
21.5486 3.064
81.1022 1.42
45.5548 2.67
60.9878 0.722
17.416 0.04
208.373 0.534
124.854 0.812
71.2991 3.292
8.00792 1.708
71.9817 3.83
138.737 2.13
188.952 2.138
124.688 2.492
75.1721 3.314
135.475 5.554
93.9546 3.244
159.301 4.216
185.389 5.032
28.6516 0.024
150.256 2.094
30.2943 3.356
239.069 0.22
30.1258 4.142
180.973 3.922
195.064 4.43
175.238 5.12
84.4367 3.078
83.5142 1.338
16.5929 3.9
22.4793 0.522
15.2893 3.232
14.4684 1.556
56.3049 4.376
36.672 1.22
220.168 1.756
76.1387 3.33
11.9472 4.612
143.737 4.322
108.861 1.164
59.6297 2.418
70.4871 3.036
210.789 2.838
16.2545 0.536
163.012 3.908
70.5789 4.2
57.1988 0.622
33.8815 2.58
160.933 4.328
217.779 3.282
199.875 2.054
23.6013 1.56
33.4899 0.75
66.8134 3.532
111.582 5.52
229.775 1.978
100.026 5.9
116.402 4.684
162.005 4.576
177.079 5.952
110.584 2.996
61.7081 4.476
220.861 0.42
68.4842 5.564
10.0058 0.32
36.7913 2.084
135.926 4.142
138.694 5.852
206.211 4.754
241.452 4.096
18.6466 2.062
84.016 3.494
140.142 0.532
191.591 0.876
16.1217 1.318
159.426 0.162
164.947 4.788
98.8212 0.992
155.645 4.01
211.558 4.834
150.356 4.38
237.926 3.55
145.662 2.476
84.834 4.558
64.5522 2.124
163.436 0.142
206.664 2.796
199.301 5.324
146.126 4.758
7.87778 1.89
153.719 3.206
86.5187 3.042
42.2713 1.76
19.9444 0.906
212.719 4.592
92.5456 4.52
239.889 2.47
73.4639 0.008
126.377 5.98
34.6527 0.808
56.4086 4.884
56.4991 3.108
15.1821 0.152
185.394 4.04
132.367 2.154
148.685 4.486
191.1 0.978
27.2238 1.308
154.682 0.194
78.4609 2.15
35.6559 4.678
60.7543 4.34
29.3928 5.318
19.5936 0.506
125.391 1.012
237.626 5.418
70.8858 0.692
183.731 0.942
49.307 3.926
128.832 3.678
229.266 2.746
76.3242 5.588
171.588 5.476
64.5597 0.424
10.7258 1.428
178.178 2.03
215.191 5.442
209.687 1.948
104.942 5.06
17.7723 4.244
243.171 5.836
225.521 5.78
197.97 2.87
94.3419 5.838
243.599 2.32
85.5089 0.296
227.323 4.644
14.0512 5.41
169.274 3.616
88.7373 3.096
24.8283 3.802
172.275 3.23
151.938 1.182
34.4867 1.154
123.117 2.3
190.36 1.112
183.91 2.958
180.62 0.996
18.0604 3.058
39.2819 3.272
9.80568 2.668
127.494 1.476
61.9973 4.826
185.534 0.594
134.347 4.008
154.439 0.36
166.447 0.144
11.143 3.854
170.814 1.16
10.0591 0.318
142.649 1.134
59.2689 3.534
155.657 3.996
216.711 0.284
104.761 0.608
241.43 3.218
227.873 2.98
125.315 3.124
141.463 4.792
12.625 1.018
227.166 2.494
171.318 1.792
167.049 0.146
149.342 4.654
37.0923 1.578
25.7353 4.224
145.82 2.166
69.4872 5.884
19.8096 1.334
208.346 0.038
10.7701 1.256
199.328 3.55
218.743 2.184
150.5 5.666
213.588 2.068
32.6581 1.176
171.622 1.6
69.1595 4.232
190.564 2.448
24.3443 2.608
249.853 2.222
36.9525 2.24
196.562 0.422
201.478 4.69
116.701 2.714
122.887 2.936
52.1803 1.544
131.742 5.238
194.89 2.05
78.1486 3.128
148.922 4.448
85.0027 1.636
96.939 3.5
178.767 0.142
198.311 0.542
133.867 1.538
143.053 5.18
32.9982 5.72
240.58 0.72
60.8948 5.98
131.277 0.59
231.216 2.042
215.517 0.342
171.403 1.476
172.195 0.868
229.681 0
163.976 5.35
178.643 2.906
241.792 1.548
14.7324 5.272
18.1081 2.296
150.589 1.758
51.4561 4.186
168.312 3.188
15.8784 0.732
157.296 2.122
247.285 1.928
111.852 1.606
11.2448 0.836
78.4501 0.862
129.503 4.018
13.9358 3.444
165.106 2.136
35.8819 3.512
178.963 3.65
110.507 1.448
155.428 4.448
83.9545 5.102
198.811 5.386
215.383 5.99
156.006 5.794
171.804 4.474
195.763 0.03
36.8562 3.184
29.0216 4.31
83.3305 2.474
230.594 3.034
186.968 0.89
237.707 3.032
54.4467 0.244
146.59 3.754
109.805 1.578
159.078 2.676
219.666 0.222
187.874 4.598
113.13 0.032
9.98839 0.686
88.9977 0.122
50.4421 3.598
10.9566 0.846
151.252 0.6
14.3831 0.748
122.03 4.998
177.899 4.078
26.102 2.516
46.1755 1.592
210.824 5.11
229.486 1.172
15.6837 5.524
61.68 0.266
145.236 5.812
203.017 2.55
128.481 3.806
75.845 4.602
41.9692 0.988
55.8489 4.588
85.6935 1.288
203.357 4.712
9.85857 5.344
202.422 1.928
23.335 5.104
229.148 0.23
56.3085 3.062
237.942 0.756
120.451 5.266
226.841 0.094
73.8376 5.6
116.819 1.68
193.84 2.46
20.6256 1.428
246.305 2.5
125.751 1.992
75.0352 5.038
81.7464 3.506
211.2 3.324
147.435 0.636
223.28 3.438
44.1383 2.402
129.088 5.666
191.099 3.22
143.107 5.82
214.51 1.494
99.2132 3.574
172.579 2.692
209.797 4.546
21.3511 0.328
99.8167 0.124
108.596 4.068
133.655 4.206
218.711 5.858
100.737 0.71
233.972 2.276
28.891 2.244
87.6835 5.596
212.157 1.138
66.5646 0.698
83.1624 0.764
37.3705 4.626
33.8232 2.57
124.287 5.666
40.0999 5.982
56.7651 5.35
28.4228 0.002
216.63 1.322
242.769 3.924
63.1247 5.798
235.659 1.74
52.1107 1.382
177.53 0.566
99.1431 1.232
223.322 4.486
44.8814 5.688
155.222 1.652
85.2479 0.554
19.4266 0.482
41.9921 4.244
19.0443 1.922
77.0948 3.82
16.8603 4.288
155.949 4.342
219.326 4.224
31.4118 0.816
11.9911 0.5
127.416 3.75
39.953 4.142
131.951 2.45
10.1115 3.084
119.77 2.986
110.315 3.174
77.7841 3.906
166.927 3.58
107.399 0.13
18.6756 0.666
22.0709 0.84
89.6817 3.616
16.0542 1.38
179.841 1.828
152.435 3.812
233.524 3.526
12.5034 1.692
167.152 5.354
155.619 2.242
248.16 5.564
101.355 5.838
36.2614 5.838
247.741 3.076
89.9726 3.584
19.1734 0.284
144.502 1.532
56.2544 0.776
34.9 3.828
241.105 2.112
210.214 1.652
33.004 4.748
203.089 5.48
187.234 3.186
65.5136 1.716
184.649 4.902
183.436 5.302
180.616 1.122
11.2987 3.916
242.751 2.43
102.058 4.33
144.532 2.474
12.2531 3.346
9.77009 4.132
61.6213 4.588
113.91 3.908
11.4363 0.776
18.0668 4.754
164.172 0.498
54.3441 1.324
129.884 2.72
218.222 1.718
45.3504 4.106
222.727 4.336
120.618 1.612
53.2762 2.634
14.3535 0.648
66.0926 2.038
155.343 4.472
174.41 1.514
32.7557 2.34
84.6827 0.654
150.107 2.048
70.9489 2.776
26.5163 5.13
7.79546 5.126
126.414 1.8
31.7145 1.312
126.015 3.082
17.8758 1.356
240.791 5.838
90.6578 0.974
37.647 1.204
204.233 4.18
126.276 5.68
144.003 5.458
239.085 5.302
27.2494 3.146
115.82 1.938
16.894 0.41
35.9162 3.106
84.8519 3.662
191.296 0.312
213.319 4.8
89.481 1.804
13.3689 4.256
213.798 0.956
59.4671 3.698
22.9031 1.442
24.5207 1.146
90.5883 5.148
50.5859 3.83
216.374 2.704
61.5062 1.616
239.701 1.19
75.0301 1.624
60.0817 1.904
112.242 3.978
63.5467 3.932
137.062 2.146
218.222 4.404
115.219 5.398
16.4452 1.008
12.3574 5.584
191.326 4.526
239.531 2.324
164.467 1.558
110.548 0.99
41.8953 3.204
9.06317 0.95
165.701 2.098
81.2611 3.322
249.053 5.508
28.4345 1.914
77.4178 3.482
218.518 2.238
114.605 2.85
18.7104 4.51
142.841 2.91
10.4392 1.036
97.3068 1.998
180.814 4.574
98.2652 3.106
67.6308 0.296
28.4284 1.236
104.542 2.432
50.8014 2.716
15.997 3.654
17.0675 2.656
203.417 2.136
145.18 3.026
174.052 4.04
35.7443 4.528
56.8515 2.96
9.3637 0.612
104.596 1.474
160.382 1.61
41.7331 4.476
33.4735 5.574
93.1277 4.312
130.129 1.108
72.8001 2.132
12.4735 5.162
160.525 5.642
45.87 5.664
102.354 0.8
174.096 0.53
104.467 5.554
220.591 4.7
136.711 1.952
118.432 1.73
218.032 5.566
62.8919 2.28
138.586 3.914
71.6987 0.156
67.7567 3.718
81.015 4.05
218.215 1.102
95.4167 1.484
85.651 2.666
230.986 0.336
158.003 5.63
70.6765 2.97
220.852 2.426
170.706 1.422
147.809 3.464
199.452 1.958
12.8448 0.412
26.314 1.646
245.648 4.196
168.002 5.938
185.796 0.642
29.3316 5.114
205.87 5.71
178.553 4.92
55.9278 5.192
203.157 1.574
13.4901 1.852
16.1764 4.012
157.028 5.916
108.559 2.184
194.745 1.72
124.223 0.456
144.824 3.136
70.4575 5.928
36.94 5.586
41.878 5.574
87.8003 4.116
13.6575 2.718
36.8656 0.444
207.418 3.72
243.717 5.556
139.213 1.342
151.375 0.192
195.076 5.134
187.046 5.482
70.7925 5.486
80.5423 2.466
175.34 0.886
35.2113 2.876
106.685 2.3
220.141 0.84
210.319 2.134
23.8111 5.032
131.658 4.678
81.0038 5.148
15.1763 2.186
24.0819 1.588
56.2623 0.884
41.2501 5.174
104.19 1.024
41.9165 2.898
190.934 2.94
33.6871 3.87
91.6905 0.488
40.3997 5.028
203.831 3.118
12.3409 5.53
52.1982 1.438
38.0259 3.262
96.1951 3.81
187.166 0.844
55.1061 3.758
53.3828 0.14
144.518 2.468
183.08 1.42
137.916 1.622
243.804 2.554
169.188 0.582
106.708 3.542
210.821 4.89
15.2165 4.018
74.8596 4.834
55.2163 5.996
73.2414 1.218
183.37 3.508
218.289 3.722
231.67 2.512
116.972 0.032
62.9142 5.522
101.724 4.09
154.603 5.876
55.9879 2.682
14.2761 0.12
209.267 3.02
121.853 1.116
48.4897 5.596
66.4923 1.988
75.1112 2.448
14.6304 5.198
240.722 0.718
188.648 4.666
74.4587 3.91
69.8319 1.452
48.7532 1.432
153.394 5.994
190.61 1.74
69.4106 2.232
180.7 0.278
77.0217 5.214
116.096 3.782
54.4184 5.102
209.623 2.766
68.1063 0.532
149.486 4.286
78.1508 1.58
245.648 5.254
49.6126 2.138
127.981 3.978
183.39 3.278
21.6914 4.062
245.569 3.894
26.2233 4.58
156.494 3.684
229.595 2.966
206.035 4.098
26.558 5.8
242.182 2.384
172.609 5.238
96.5125 0.302
27.3283 4.922
122.69 1.294
53.9176 3.166
13.9216 2.79
221.276 3.002
177.461 5.602
191.978 4.616
103.564 3.234
213.774 2.732
75.1259 1.682
154.601 3.228
48.1055 2.962
134.375 1.518
62.0449 5.35
206.95 5.178
98.3617 0.07
61.0508 1.792
10.4781 2.318
138.333 2.264
140.706 3.78
197.075 4.802
43.0845 0.166
135.092 3.448
147.339 1.07
21.1063 1.266
20.2043 2.474
93.6124 5.438
116.574 4.332
135.82 2.242
10.6944 0.092
186.775 0.384
243.08 3.424
132.867 1.258
33.282 4.978
84.6671 5.894
25.0973 2.686
195.431 1.374
63.3587 5.256
228.355 4.7
25.8368 2.616
103.475 2.862
56.4189 3.554
153.411 0.078
32.2116 5.628
118.698 4.462
55.9378 0.71
94.8278 0.618
122.896 5.408
24.6282 2.28
46.0469 4.442
195.353 0.658
208.651 3.786
65.1369 5.702
24.9872 4.004
209.282 2.328
188.595 4.794
14.0183 4.242
125.259 2.152
238.207 5.98
6.24552 1.502
117.525 2.606
125.542 0.214
17.196 1.102
27.0481 1.884
35.7053 1.894
143.476 2.16
30.2605 0.558
25.6536 0.97
221.605 4.708
140.729 1.418
86.5007 2.928
128.549 4.112
46.5139 2.206
14.8622 1.546
20.8485 5.158
9.11483 5.738
12.9118 0.964
72.1091 4.64
126.17 1.718
162.93 4.562
24.9344 4.426
169.262 1.17
174.388 4.048
47.5928 4.19
120.433 2.942
33.7182 2.894
120.345 1.884
190.392 3.824
132.87 2.078
23.0769 4.32
78.2079 3.53
208.284 2.902
155.84 0.26
109.784 4.32
82.4207 1.812
85.2273 3.484
103.869 0.09
245.83 2.956
142.85 4.126
249.938 0.23
17.8729 0.852
218.196 3.89
17.4721 2.726
149.879 2.32
78.9246 3.582
109.481 2.164
119.842 3.604
203.91 4.466
29.0161 2.812
249.031 2.594
185.099 2.93
40.7717 2.488
208.593 2.014
82.4138 0.806
96.523 0.42
238.617 0.596
219.568 2.338
134.844 5.314
233.354 1.996
96.7984 0.152
175.881 2.694
210.514 5.294
120.54 1.122
98.9621 0.858
63.2046 3.33
27.7771 0.776
98.4861 5.398
141.372 5.162
100.837 2.814
182.37 0.958
176.624 3.55
61.9464 1.858
98.5025 1.932
92.1175 1.696
183.024 3.864
213.818 3.488
28.0071 4.886
8.67446 1.664
41.9755 1.288
95.6461 1.864
174.509 2.144
150.947 5.698
169.337 0.198
76.1662 1.028
186.252 1.542
9.96799 2.716
98.7055 5.136
17.022 1.868
21.9631 3.668
20.3279 1.866
157.428 4.438
99.1345 3.522
143.78 2.528
237.921 2.494
12.9203 3.28
112.283 5.31
230.529 0.562
67.7664 2.838
216.536 0.702
131.157 4.924
37.5897 5.714
18.7081 0.986
135.656 4.908
214.483 2.358
112.356 5.484
144.179 0.178
90.4627 3.994
172.228 2.94
21.5871 4.284
24.6992 0.634
53.2064 2.05
137.19 2.682
220.373 2.988
245.251 3.482
126.77 3.826
200.894 0.368
14.5701 1.84
7.59171 4.964
186.891 5.62
12.4894 3.026
76.4629 1.392
12.8453 2.46
123.537 4.376
207.227 0.672
13.2769 1.432
68.3689 3.116
30.3399 0.924
21.3786 2.152
16.4406 1.174
29.548 1.132
195.593 3.92
20.0324 1.204
31.4828 0.614
193.84 1.402
9.93217 5.25
157.645 2.112
228.229 0.656
59.6967 4.344
126.572 4.884
16.4534 2.608
109.283 0.58
236.724 1.98
245.921 1.826
117.118 2.518
45.8719 0.036
223.714 2.344
135.679 0.866
232.58 0.064
9.92061 4.45
129.759 4.75
167.076 0.96
97.1439 4.412
201.852 3.5
78.9129 0.794
31.7872 5.564
37.0514 2.524
30.2694 0.102
226.904 3.67
130.157 1.216
193.924 4.052
119.84 5.298
73.3826 3.936
168.959 1.9
105.564 0.33
192.448 4
234.749 0.95
72.6277 4.088
229.897 5.14
48.6779 1.098
92.5161 1.334
61.73 3.894
75.7407 1.242
147.725 2.568
66.5896 0.634
20.115 1.088
189.96 1.906
233.654 0.692
92.7845 3.81
46.7896 0.762
138.963 1.592
15.4156 3.516
208.032 5.846
229.778 2.508
13.7284 2.508
195.394 4.582
111.988 5.418
9.55322 4.462
244.396 4.676
169.102 2.536
27.2508 3.196
211.242 1.508
105.192 2.87
65.3042 3.884
42.9402 2.696
29.6639 0.824
129.617 5.488
46.2516 4.568
137.516 2.666
153.453 4.354
242.91 0.242
51.116 4.318
141.399 3.982
18.8686 1.356
166.859 5.6
161.232 4.226
116.579 2.04
142.206 0.618
227.994 4.234
137.338 0.802
15.4179 0.848
179.928 1.03
123.293 4.46
175.652 5.882
94.9955 2.744
153.746 5.44
181.457 4.162
53.3254 3.462
147.512 1.246
191.189 2.884
120.577 0.396
237.561 2.938
183.89 2.168
170.382 5.872
53.4212 2.49
13.3215 1.328
229.241 3.978
236.629 5.208
68.6012 0.688
237.417 2.476
224.904 5.962
216.638 3.296
21.6504 2.508
32.979 1.134
190.521 1.95
90.2981 5.378
165.796 5.88
52.0906 5.968
27.0304 2.268
62.5336 0.886
170.261 4.186
138.955 0.64
89.032 0.696
122.96 5.424
16.3081 1.858
171.952 4.832
236.843 1.61
89.512 4.458
207.39 1.582
101.415 5.186
211.394 0.816
115.502 2.174
77.174 4.49
214.777 2.588
65.2283 4.39
25.9493 1.51
110.005 0.998
244.432 5.218
102.319 0.772
12.349 1.502
199.973 1.102
31.2249 4.436
198.628 0.358
125.283 5.604
14.6664 0.682
158.217 2.452
16.1342 1.596
45.7617 5.076
40.4215 3.294
85.6557 0.024
18.4442 1.14
174.628 1.264
50.9003 1.614
46.4599 3.114
14.411 1.052
145.849 3.508
177.126 0.384
129.592 0.324
190.114 2.564
81.5858 4.144
92.0332 1.572
208.64 5.484
87.9262 0.7
35.1541 4.382
128.964 1.3
241.688 5.516
134.061 5.202
171.121 2.874
22.7417 2.756
13.1776 0.948
45.1555 4.14
94.7957 1.77
73.1402 4.164
84.0279 0.554
105.945 3.11
164.253 2.77
22.552 1.6
105.141 0.464
46.3395 2.384
61.7119 0.472
84.7792 2.03
102.863 3.506
215.186 2.312
155.84 3.176
59.8878 2.134
202.929 5.278
81.7001 4.872
199.327 1.976
173.425 5.402
10.9247 0.604
180.048 5.874
77.0197 1.536
183.075 0.266
115.874 0.834
187.683 3.464
24.0962 2.842
176.241 4.79
58.9529 1.514
63.9747 3.784
13.6393 1.02
11.3141 0.35
191.101 3.55
7.3504 5.66
65.6746 2.638
132.33 2.192
176.679 2.302
12.3972 0.062
12.5914 0.534
13.7617 4.594
223.596 5.07
161.449 1.11
54.7752 1.078
132.57 2.532
27.2935 1.152
23.655 5.196
243.554 4.454
216.807 3.354
39.3116 5.086
103.111 1.726
51.5488 1.142
42.1049 4.448
204.704 4.164
57.3896 5.384
228.309 0.97
165.115 1.968
158.79 5.982
179.883 5.19
20.6505 1.846
124.948 0.456
114.834 2.806
68.0395 3.094
212.375 1.674
127.918 4.928
143.954 4.678
87.7548 2.482
86.4016 0.006
204.447 2.656
31.0901 1.008
67.7026 3.588
143.011 1.474
232.751 1.836
155.642 5.026
14.6665 3.164
202.754 3.354
166.715 5.474
115.247 5.206
70.3761 4.848
8.20126 0.702
172.711 1.292
117.754 3.074
18.2831 5.89
194.453 1.108
244.316 4.55
131.719 4.2
94.6236 2.092
17.3829 5.86
47.9186 4.584
209.472 2.01
114.216 5.914
197.2 2.652
37.9358 3.628
157.373 5.628
188.14 3.48
28.029 1.626
120.322 2.422
27.1788 0.724
144.363 1.054
34.7019 4.348
99.4368 1.256
84.3367 0.584
225.709 4.848
128.463 1.572
35.7894 0.522
67.2154 2.656
172.623 5.298
28.3524 2.998
214.996 1.83
22.9957 3.904
42.53 3.15
13.9044 4.218
164.312 4.696
15.1717 5.124
125.557 3.522
48.8554 5.162
178.304 5.846
233.79 3.352
210.581 2.878
18.2357 1.542
88.155 0.806
141.336 1.658
88.239 3.598
15.9233 3.272
67.8351 0.51
126.898 0.33
10.7555 0.95
190.496 4.446
68.3858 5.64
120.361 0.188
213.213 2.166
145.78 0.164
249.862 2.682
60.286 3.84
45.7833 0.706
149.404 3.164
226.189 1.36
124.611 1.404
168.842 0.5
192.57 4.716
82.2433 1.87
160.241 4.836
79.4927 0.876
45.0206 5.696
56.3059 0.914
244.757 4.828
94.8464 3.054
40.0127 3.114
10.9595 2.728
221.283 0.098
215.446 4.982
7.39076 4.054
122.739 0.398
161.712 1.344
14.4681 3.098
75.9276 3.618
111.702 0.516
191.523 0.112
246.753 5.876
204.636 2.494
39.6428 1.262
174.891 0.418
32.482 5.36
28.5199 0.942
199.635 1.604
18.0579 2.01
89.815 1.314
64.729 3.216
194.245 4.678
55.581 0.422
89.9344 1.848
26.68 0.91
128.346 1.162
63.5667 5.596
181.184 4.91
185.012 3.576
193.852 2.46
243.609 0.228
44.7419 2.314
220.229 5.06
23.3364 3.722
46.8093 4.35
236.406 1.19
249.721 5.564
192.732 0.718
23.0963 1.94
195.756 4.686
248.512 5.896
15.454 4.974
249.413 3.134
248.186 4.022
17.6505 2.664
222.715 1.744
190.12 2.814
232.844 0.758
19.9537 4.826
218.427 3.12
44.2968 3.344
35.1895 3.49
154.558 5.544
198.344 2.204
152.713 3.616
45.2448 4.056
202.994 5.454
240.589 1.83
241.835 4.428
86.4627 4.488
73.8899 3.314
141.463 3.192
32.8104 4.884
67.4646 1.136
13.598 3.836
34.6243 2.038
16.4113 5.23
245.411 2.266
13.8115 1.648
188.297 5.072
95.1577 3.346
134.218 0.988
118.095 0.822
92.1504 5.73
18.3912 1.098
124.885 2.684
46.4674 0.42
42.8115 2.166
44.0556 1.49
241.011 1.878
66.3179 2.93
134.534 2.612
237.741 1.252
173.275 4.056
137.515 4.928
245.238 3.744
25.2598 0.296
154.866 2.066
23.1401 1.276
214.654 4.64
198.507 4.182
174.94 2.554
173.911 3.504
50.1319 0.922
228.385 3.76
51.4078 0.312
12.2759 0.784
29.727 1.58
87.0591 3.582
27.2098 2.7
18.4029 2.99
243.644 2.536
125.57 4.656
209.733 4.538
22.3832 4.01
235.434 1.982
22.6121 4.028
189.799 0.948
73.6984 2.64
38.1863 3.38
199.413 0.19
165.998 1.776
183.607 4.106
41.4291 2.926
80.4443 1.718
143.121 1.862
220.095 2.9
178.206 0.174
44.7931 0.58
41.6508 0.048
226.977 4.994
205.713 2.586
187.101 0.11
35.1393 1.382
192.826 4.98
158.984 1
41.6301 1.422
214.091 0.184
136.506 0.892
62.2606 2.414
147.365 4.296
235.361 1.504
82.9472 0.978
75.0231 1.528
23.5409 3.046
213.912 0.998
91.9546 3.874
35.1691 0.828
179.494 4.338
154.145 3.802
209.236 3.31
155.626 0.94
37.6842 5.674
225.911 1.668
131.319 5.404
176.485 3.138
20.9281 2.872
139.897 2.712
71.127 1.742
105.554 5.27
22.1424 4.92
167.668 1.078
44.3745 4.426
10.7721 0.03
56.5814 3.458
42.8543 3.122
247.602 1.136
239.78 0.7
144.832 3.168
102.755 2.612
128.877 2.654
243.199 2.366
148.363 2.472
82.8729 0.262
144.55 2.764
116.16 2.69
212.503 2.29
208.242 0.162
102.809 0.332
119.315 4.158
125.293 1.294
222.323 4.314
199.348 3.318
164.727 4.806
15.8377 0.942
77.1656 0.664
212.681 1.516
125.621 2.82
154.082 5.474
103.468 2.186
153.251 2.116
42.7892 3.018
115.19 4.25
204.884 1.938
18.2833 0.126
134.759 5.342
219.314 2.39
101.983 2.412
166.991 0.892
149.1 3.322
219.832 5.966
58.9393 4.612
172.028 4.494
109.914 0.604
11.9969 0.194
221.46 4.85
168.193 4.906
110.437 2.908
177.789 0.742
63.2001 5.114
45.8972 4.52
22.5003 1.868
121.314 3.784
95.073 4.498
38.384 0.212
179.039 2.21
12.1823 3.27
57.3516 5.75
217.726 5.076
73.9244 0.178
213.91 2.326
194.56 4.908
144.186 4.958
44.341 3.73
246.562 2.408
208.653 3.254
171.18 5.126
23.7961 3.836
24.4862 4.026
186.489 1.716
11.6934 0.122
23.9559 5.048
40.9012 1.496
10.243 3.024
118.971 0.928
146.484 0.77
66.3951 5.782
178.55 2.89
94.2599 4.444
195.466 2.036
8.88192 2.31
237.073 3.954
127.627 2.374
20.8749 0.378
39.5287 4.556
222.177 0.46
231.913 0.176
29.9837 3.072
175.169 2.656
95.315 0.838
30.5433 4.674
60.0435 2.752
159.955 1.788
32.7638 2.878
248.091 0.138
73.4208 1.668
167.532 0
80.1668 1.822
26.1001 0.274
82.3858 1.218
212.13 1.398
53.4028 5.466
13.574 0.936
46.3996 3.258
37.6499 4.822
78.4169 1.374
130.485 0.03
13.8318 3.306
123.99 2.7
13.4279 0.074
41.1076 3.018
215.842 1.766
42.1371 0.172
190.499 0.532
217.193 4.654
180.48 0.562
178.695 5.716
213.325 1.536
181.273 0.066
16.9119 0.474
45.8619 5.908
67.4153 3.808
188.479 2.366
90.8367 3.052
225.658 2.69
80.1627 4
234.938 0.826
170.382 3.504
25.9334 0.128
29.3017 3.598
236.401 2.66
190.075 3.466
219.64 4.708
95.3942 4.234
63.1617 3.236
103.678 0.668
86.9868 2.468
87.2142 2.104
185.824 0.022
211.835 0.276
82.9074 0.182
45.5154 0.65
228.975 2.398
113.916 2.672
169.377 0.24
214.644 5.958
247.378 0.664
93.0789 0.546
15.6516 3.244
56.723 1.9
136.386 5.47
133.748 0.09
172.322 0.612
38.9355 3.324
16.0975 1.062
58.8836 0.552
233.892 1.038
149.852 3.032
242.717 0.792
136.817 0.454
103.109 3.156
15.6593 1.084
124.427 0.74
59.4222 4.778
214.271 1.97
227.005 4.13
234.116 1.706
13.7783 0.594
209.535 1.626
28.9946 2.592
235.236 1.124
133.749 5.408
104.905 1.154
12.0465 3.278
93.4828 2.742
133.635 5.43
214.753 4.02
186.046 3.52
84.75 3.582
204.62 2.574
56.6658 2.368
209.856 4.428
40.3784 1.292
220.427 5.05
222.034 4.684
109.724 1.122
161.15 4.064
37.1806 5.72
38.7273 1.29
148.045 3.99
135.964 1.884
59.3809 5.074
83.0891 1.806
54.3062 2.594
124.726 5.382
177.213 3.29
243.135 2.45
171.541 2.374
227.626 3.97
33.4606 2.35
189.415 4.764
13.5968 0.272
176.258 5.118
105.08 5.532
233.246 1.128
129.064 2.19
210.298 5.958
237.449 1.968
127.556 1.768
74.5121 1.106
162.87 1.228
217.367 3.274
158.137 5.122
87.2031 0.57
18.5304 4.35
75.6249 4.306
187.534 2.884
236.572 1.358
141.362 4.538
50.2355 2.868
23.6046 1.52
131.978 1.358
179.021 1.916
14.6201 1.44
203.61 5.884
147.419 5.836
231.158 3.51
52.2229 0.782
211.746 2.306
170.335 2.608
35.4741 4.892
91.1122 2.31
221.696 0.696
11.0292 1.126
44.6214 5.094
49.8178 5.906
151.076 3.428
221.13 5.426
177.556 4.576
18.8345 2.654
232.799 5.9
29.6408 0.376
142.585 2.082
84.7742 1.51
65.0952 5.144
219.438 2.456
86.0285 1.358
176.68 4.906
161.769 2.52
178.727 5.83
158.383 3.334
100.928 4.204
245.275 5.824
198.764 1.866
145.348 1.436
92.0229 3.26
14.9138 2.986
22.0186 1.826
43.0273 0.168
111.425 5.258
23.5422 5.146
14.6876 0.744
13.9783 2.498
62.7681 2.398
97.2086 0.556
45.699 2.728
230.318 1.986
72.4712 3.26
25.6093 2.202
52.6033 1.414
193.777 4.892
131.889 4.728
223.085 1.65
206.542 0.672
184.549 1.178
211.196 4.846
195.9 3.858
18.5633 0.898
157.819 2.548
117.758 3.256
12.4378 1.768
41.5813 0.334
129.054 1.846
154.821 5.642
25.294 1.068
117.525 0.504
12.348 0.684
67.5517 1.612
172.062 1.622
128.621 3.412
55.0227 2.56
121.974 2.008
81.1177 5.13
112.542 3.014
67.2375 2.246
133.627 1.972
216.163 2.166
21.5925 0.916
185.991 3.018
150.418 4.646
198.567 2.084
10.4319 1.01
104.853 0.01
132.46 5.462
58.6167 3.522
134.536 5.956
53.245 0.748
178.507 0.28
136.712 5.748
37.6105 3.396
51.4425 3.796
163.42 0.556
19.6648 1.118
246.741 0.406
68.1916 0.338
114.334 5.994
77.51 3.446
111.522 4.492
89.9135 5.576
115.792 0.48
206.976 4.326
30.5886 0.516
107.967 1.622
240.546 3.036
180.529 4.088
20.3782 0.342
225.767 2.528
182.585 1.102
44.9431 1.906
116.073 0.51
75.0179 0.256
105.203 1.552
142.834 2.874
247.968 1.216
20.313 3.044
84.9614 3.066
228.109 1.88
116.283 4.048
62.0656 1.838
93.1358 2.272
135.486 3.932
126.631 2.016
186.263 0.734
52.7441 5.83
241.968 5.194
20.3979 1.738
213.179 5.964
62.454 2.658
21.3777 0.84
15.8845 4.724
236.978 1.056
235.296 3.164
202.053 5.51
160.459 2.194
18.0589 3.092
54.7938 4.606
10.581 4.566
235.849 2.486
18.3093 0.596
42.972 3.962
13.379 1.598
68.3115 3.92
21.6377 5.708
71.181 3.778
182.595 5.02
75.2029 1.814
16.5556 1.01
58.5689 3.056
110.894 0.562
130.075 2.68
151.987 1.94
22.0281 3.096
94.0107 5.878
92.2323 3.676
66.793 2.926
132.22 1.802
75.9202 3.882
124.446 0.46
68.5808 0.026
95.0432 1.648
57.6114 3.204
8.22866 0.194
63.2345 0.02
153.028 2.786
100.223 2.28
171.478 3.166
29.6981 5.258
122.192 5.446
16.1217 0.814
126.831 0.276
55.9106 0.806
107.465 2.808
67.67 5.566
15.422 1.176
34.9024 5.184
200.786 5.628
241.759 0.456
8.50635 5.774
73.8141 4.786
105.581 4.734
22.6732 2.104
191.799 5.412
12.5906 3.392
29.1948 4.966
178.869 2.486
243.488 1.74
69.8373 0.118
123.206 2.568
114.954 1.502
25.4984 0.372
14.1739 1.868
76.6306 3.708
195.253 3.364
131.361 1.306
47.7506 5.086
64.6464 0.236
146.696 2.476
28.8053 4.42
62.6104 1.436
46.823 0.574
20.0152 1.84
96.7547 2.058
101.935 2.006
19.0657 1.366
122.206 4.218
228.648 3.01
86.0448 4.166
14.9539 0.552
12.0163 0.668
132.981 0.11
200.689 2.402
249.029 1.22
58.7376 1.65
242.718 5.37
156.258 0.466
92.1383 2.454
46.9717 3.722
91.5034 4.98
13.6601 0.536
62.9497 4.554
19.2162 4.584
95.5569 0.816
9.55474 0.68
207.096 0.84
210.059 4.624
19.0429 5.478
127.684 4.84
180.825 0.146
156.713 0.012
221.642 2.924
196.872 1.52
17.6972 3.692
191.955 2.044
11.7613 0.984
220.753 1.196
189.31 4.406
136.555 0.662
202.358 1.238
97.368 2.226
38.2396 1.794
136.722 4.866
136.06 0.638
210.674 0.796
39.9689 2.108
206.153 5.55
77.8268 4.286
165.127 2.692
188.37 0.054
149.257 2.276
75.764 5.04
32.2009 3.824
120.748 1.102
92.434 3.764
170.576 3.242
168.236 3.626
135.87 0.876
49.9673 2.168
46.3027 0.088
114.562 0.064
18.7763 5.28
184.342 3.844
194.301 1.774
225.823 2.704
22.7903 3.826
95.8013 2.744
57.3479 2.754
107.479 4.138
87.6069 4.77
226.334 4.04
150.426 5.07
118.302 1.366
71.6684 1.23
80.5082 4.368
42.5152 2.906
66.3428 3.614
56.0733 4.548
30.5918 1.332
140.556 2.784
111.841 0.56
177.514 4.846
90.6604 2.028
19.2283 4.678
27.2211 2.882
23.6638 2.464
144.301 5.792
209.09 4.246
110.163 3.008
164.463 4.134
12.722 0.7
82.6933 2.284
134.746 1.482
24.3021 5.726
15.5833 1.516
163.744 3.66
192.852 4.482
109.823 5.582
140.106 4.422
146.701 5.038
169.351 4.908
227.542 3.99
18.2609 0.738
103.227 2.192
137.794 1.738
220.564 2.022
215.999 3.824
13.5098 3.98
117.785 5.194
149.434 0.084
23.0344 5.714
141.111 4.898
228.657 0.392
7.63364 3.036
233.283 3.022
217.134 3.908
75.4191 3.522
13.2235 1.442
94.6951 1.384
183.562 3.446
95.3646 2.598
174.557 2.094
46.421 1.718
66.9261 3.464
198.788 0.244
29.277 1.638
205.172 4.292
34.0291 0.148
135.775 5.756
23.8753 3.562
33.6006 1.898
129.545 5
233.618 3.772
141.58 4.638
115.994 0.462
173.88 5.146
121.899 1.788
187.964 5.866
8.53367 0.63
79.8583 0.874
72.8593 1.546
240.349 0.272
179.961 5.002
42.6116 3.456
105.537 5.62
46.5416 0.034
228.221 4.002
237.161 5.916
200.793 1.806
222.126 0.42
247.21 0.63
154.668 1.662
71.5033 3.368
180.727 5.954
17.9586 3.586
202.903 2.414
51.4982 5.28
24.541 3.342
131.887 1.142
190.809 1.43
116.369 5.022
93.9716 0.78
177.666 0.706
13.4717 0.736
147.753 3.956
24.3603 5.554
227.462 5.246
151.202 1.432
10.3642 3.026
79.1029 2.128
143.962 2.94
164.759 1.084
31.993 4.23
206.649 5.394
200.046 1.846
141.012 2.4
53.634 0.642
183.44 4.874
163.466 0.882
170.567 1.446
32.2245 3.786
222.963 4.686
180.541 5.074
100.589 0.704
13.2799 5.836
224.055 4.124
195.593 1.014
15.5195 0.532
167.142 2.41
46.9656 1.802
107.648 4.23
113.233 2.174
127.607 2.792
13.6935 0.824
186.595 0.072
58.9563 0.314
139.526 3.322
10.8336 4.408
143.756 2.208
84.3822 5.994
167.279 1.324
189.518 0.618
227.212 1.126
19.4161 3.644
12.9295 1.956
18.4954 0.766
230.273 1.048
144.464 2.788
219.101 3.136
49.5482 3.88
190.505 2.83
29.882 3.47
68.5546 0.564
198.904 2.334
34.2967 1.334
86.2424 1.636
10.9648 1.412
125.226 2.904
122.843 1.09
205.187 0.112
11.3905 3.574
144.613 2.342
154.519 0.258
124.327 4.37
233.906 5.09
206.064 4.794
82.9787 2.026
226.796 5.214
78.5095 2.938
202.456 1.528
40.697 2.236
130.155 3.078
81.3747 0.144
62.338 0.124
109.949 0.464
39.6575 1.894
9.9727 4.314
144.424 0.784
126.277 0.928
12.7915 1.202
28.3552 5.88
228.411 5.89
62.7703 3.312
180.444 4.748
32.1183 3.358
53.2651 3.57
112.399 0.338
134.873 0.084
8.69524 2.168
72.9217 4.006
150.358 3.644
86.1187 4.57
145.036 2.908
85.2751 1.328
170.744 5.38
16.1044 1.178
8.85279 0.518
199.129 1.782
83.2256 0.308
27.4199 1.844
224.3 2.15
155.582 0.664
161.318 5
102.939 3.868
9.10818 0.554
81.8855 2.666
208.887 3.202
88.3143 2.138
171.568 5.282
142.554 4.854
170.406 5.148
20.9222 1.966
103.901 3.85
69.0181 2.554
244.174 0.138
122.866 4.438
120.478 0.828
243.447 2.23
153.468 1.266
112.449 1.884
60.7055 0.334
241.374 4.19
123.947 4.994
142.779 1.974
99.3882 0.686
74.0892 0.74
131.311 2.156
38.3785 0.336
249.692 1.302
22.4452 0.254
182.417 5.358
8.57502 0.276
141.886 4.28
223.83 5.318
231.229 3.138
19.874 3.236
173.087 3.534
76.1391 0.122
24.5554 1.422
47.5865 0.768
222.553 0.726
20.5101 1.512
53.8656 2.324
114.783 3.242
53.8092 0.95
152.695 0.696
24.8248 3.146
58.6067 4.09
225.803 4.18
237.995 4.83
121.567 1.768
182.569 2.134
116.507 2.428
208.554 4.974
29.5971 1.476
137.231 1.818
58.2067 0.082
122.491 5.184
129.813 1.612
142.652 5.662
123.55 3.858
31.8484 4.738
20.6832 3.18
11.046 4.046
243.927 5.68
219.555 1.328
244.996 3.994
14.2903 0.726
109.45 4.764
15.2253 3.742
65.8216 2.124
168.246 1.7
166.99 3.288
147.124 0.904
121.479 1.294
56.6928 2.622
201.36 4.842
173.291 0.55
27.3456 0.462
190.916 5.674
42.752 0.406
114.738 0.59
16.7284 3.984
25.0789 2.574
148.916 5.828
85.0903 0.328
138.942 0.954
145.304 4.874
75.1422 1.28
196.646 3.192
71.4271 1.012
172.998 3.42
240.945 1.512
36.0504 3.446
133.051 3.214
125.517 0.938
238.541 1.902
163.635 3.214
248.091 2.124
14.3431 3.76
111.721 0.274
176.461 1.494
146.401 3.85
213.338 1.712
91.4047 5.21
32.6824 3.236
155.326 0.32
210.612 0.806
63.6287 3.886
172.422 5.494
77.3798 1.842
92.0704 0.016
249.727 3.946
216.822 0.466
122.122 0.876
25.8095 2.214
203.052 1.064
39.6888 0.182
132.343 0.32
9.82507 2.724
185.593 1.796
64.0636 5.51
13.1283 0.462
116.073 5.318
135.242 5.268
135.491 2.916
35.1274 1.636
99.0255 1.118
132.443 2.738
53.8668 0.24
217.814 1.274
73.773 1.128
226.072 2.154
26.495 2.532
53.2093 5.822
235.251 3.824
155.161 4.636
84.6901 3.564
42.5066 5.446
26.6974 1.332
11.1158 5.032
153.886 3.056
143.277 2.008
161.84 3.242
60.1559 4.568
200.605 3.882
10.4359 1.274
155.769 0.372
52.1871 0.75
44.5887 5.02
102.327 2.402
107.973 3.706
211.475 3.482
201.346 2.23
30.3925 0.188
188.618 3.37
66.527 0.142
36.3893 3.798
217.464 3.466
183.371 3.326
66.2886 1.692
185.141 3.194
243.453 4.186
164.214 0.81
234.72 2.546
87.1848 0.888
45.5471 0.14
245.735 0.954
49.6319 3.704
32.5895 5.198
249.894 0.016
167.45 4.674
185.535 1.494
201.661 0.524
158.404 3.35
11.4808 5.01
186.768 1.24
22.894 0.854
95.6722 5.764
24.8167 3.912
221.13 3.068
20.0034 3.088
9.42096 4.486
160.318 1.9
223.758 1.022
93.1028 5.49
44.2828 0.566
36.372 3.462
155.656 2.204
17.0889 0.01
39.5491 2.23
162.206 0.44
33.2468 2.318
134.015 3.164
188.743 4.896
18.3812 1.534
17.9701 3.346
81.9762 1.596
45.7603 0.83
24.5718 5.444
193.354 1.51
32.2808 0.458
136.995 2.546
214.443 1.33
15.0474 2.204
244.957 2.946
21.7966 2.046
111.002 0.026
227.279 2.452
140.103 0.304
21.4608 1.832
87.6551 4.026
13.6698 4.86
184.695 2.31
154.267 2.936
73.9364 0.394
30.1574 5.566
140.841 0.874
235.578 3.36
142.185 3.666
171.86 4.04
35.8658 4.294
76.7141 2.946
204.967 2.248
237.588 2.776
109.252 3.042
26.6318 4.926
100.829 5.698
172.134 1.038
139.583 0.092
204.804 1.452
171.091 1.884
150.789 1.652
20.5077 0.518
143.525 4.11
175.432 5.49
63.6884 0.116
61.8492 2.332
166.61 5.962
187.735 4.848
42.0589 2.084
52.4305 4.886
123.603 1.012
17.7435 2.87
166.149 4.61
212.11 4.082
184.81 4.282
16.0242 0.47
171.649 1.964
170.201 5.808
231.127 3.506
43.596 4.902
28.4631 5.514
139.945 0.06
47.9051 3.6
49.9434 0.628
219.527 0.83
65.8724 3.1
188.507 0.108
45.6386 2.202
202.353 1.746
78.0012 3.054
102.693 0.684
45.0953 5.928
14.743 2.116
194.974 3.01
43.1004 1.834
248.53 2.044
175.935 5.624
108.233 5.846
21.1093 5.98
246.295 1.434
229.184 2.202
249.837 2.384
218.267 4.878
34.9903 3.094
76.7053 3.934
13.1769 0.754
82.1129 5.226
230.283 1.44
243.585 0.828
222 2.136
85.0564 3.882
164.65 3.398
160.661 4.574
194.446 4.096
29.6564 5.142
165.217 1.906
239.256 1.062
102.702 2.398
72.836 4.168
34.3821 1.848
75.1024 1.924
135.497 1.608
186.885 1.85
147.227 0.31
13.8006 4.618
162.735 3.282
12.9295 0.61
128.414 0.878
177.807 0.556
237.528 4.646
30.0506 0.674
34.8996 1.61
9.50671 3.22
80.8613 5.082
240.806 0.57
95.928 3.456
56.8024 4.25
49.1113 4.316
8.80288 3.48
64.154 1.168
54.1198 0.666
12.2955 0.488
222.89 3.946
109.462 2.37
182.249 4.5
52.889 0.404
240.544 0.69
86.0261 1.79
75.0309 0.392
17.0083 2.138
246.46 0.168
107.645 5.288
241.021 4.244
33.9886 3.364
191.266 2.34
180.554 5.104
48.573 1.344
10.5992 2.018
192.868 1.572
122.663 0.862
23.4514 4.452
20.2693 0.402
32.7674 0.142
95.5102 1.65
76.1625 5.388
248.883 1.426
170.124 5.256
147.16 0.066
131.826 4.164
61.3881 5.568
18.0581 0.362
13.8156 2.698
223.672 5.122
159.365 5.978
127.742 1.206
24.2997 1.924
188.487 5.298
127.502 3.362
36.618 0.004
128.852 2.72
65.5131 0.074
27.4267 3.118
202.424 2.118
185.398 5
133.605 1.656
108.847 3.258
132.635 3.228
84.8712 3.558
81.5196 3.572
28.386 4.604
69.5415 1.638
119.524 1.716
210.842 0.958
177.545 3.18
7.41624 2.408
50.5659 0.728
195.534 1.562
217.765 4.642
37.3074 1.474
117.861 2.07
150.273 4.588
49.7462 5.456
54.2433 0.722
24.7824 3.322
46.2773 4.48
29.2152 0.062
187.293 1.742
78.5796 0.25
94.0064 2.938
99.1092 2.824
55.9393 5.794
177.848 4.818
174.845 2.764
24.3223 1.554
81.6601 5.938
87.5082 1.462
76.7345 1.666
131.117 0.478
243.213 4.684
220.199 2.996
144.126 0.648
173.823 4.088
15.295 4.61
176.105 0.96
105.472 0.348
22.705 2.066
122.902 0.674
33.2962 2.724
40.8854 5.488
222.153 4.662
149.59 2.992
215.588 5.154
151.023 0.266
15.6392 3.222
119.651 4.568
142.499 3.168
219.177 5.704
134.632 2.818
139.984 4.914
57.2087 3.53
112.703 4.978
81.738 4.386
164.968 1.74
195.134 4.094
138.641 4.286
142.396 3.25
15.9032 4.45
135.643 0.822
15.6927 0.49
33.1148 4.672
41.1597 5.57
241.205 1.268
83.1714 2.514
148.36 2.442
73.4184 2.224
196.854 1.334
137.558 2.966
204.983 0.94
125.7 5
14.432 4.416
28.9993 4.09
114.511 3.802
26.4705 3.764
216.028 3.014
72.9157 5.212
62.1696 2.102
105.771 3.558
141.135 0.01
8.62369 2.544
98.7511 1.216
37.8846 3.69
236.535 3.932
221.377 1.006
213.353 4.086
202.802 0.046
10.3658 2.996
125.23 2.092
89.5657 4.158
66.71 5.79
171.342 0.842
166.557 5.156
165.349 0.084
51.6231 0.426
28.9139 4.938
132.646 5.516
157.983 0.626
185.698 1.05
98.3072 1.196
37.7364 3.122
140.195 0.272
155.053 2.47
59.8195 5.934
38.1154 0.068
105.974 3.602
174.874 0.88
129.615 1.268
8.39574 4.826
21.9274 1.284
122.759 4.77
105.348 1.242
120.887 4.236
25.7066 0.832
174.798 4.814
249.417 5.54
42.3851 4.164
197.84 2.038
203.027 5.38
151.021 0.522
11.846 0.446
15.2339 5.242
26.4584 1.59
17.1152 0.44
52.8565 4.328
69.9473 4.308
9.79172 1.302
9.97489 2.926
191.399 1.968
225.408 1.08
34.4995 2.048
30.6597 3.796
92.1023 2.336
33.1876 2.08
12.3844 1.472
209.887 1.966
223.783 5.94
64.0458 2.844
58.3044 4.146
24.0842 3.526
123.462 4.87
143.851 2.734
50.4419 3.142
86.5714 4.392
235.716 4.048
217.491 2.098
124.914 4.964
216.194 3.652
76.7882 3.974
17.8121 3.844
90.5222 4.786
164.941 3.22
48.9413 1.308
26.0686 5.02
249.013 3.882
235.37 5.196
117.867 1.534
39.7318 1.028
28.9811 1.684
236.026 0.174
128.743 1.3
124.136 1.468
244.872 3.426
10.5876 4.568
107.277 4.042
101.236 1.678
215.074 2.518
159.858 0.34
12.6479 0.93
231.231 4.63
100.429 2.412
69.5688 4.152
159.157 0.578
87.4547 5.45
9.20738 4.602
97.3976 4.938
159.289 3.14
74.033 2.15
30.2305 0.392
155.031 0.654
120.549 2.748
123.248 3.146
23.6029 3.89
60.3181 1.314
208.292 3.682
154.869 1.418
60.9367 1.538
47.2872 2.88
186.666 2.188
77.1948 1.148
134.623 2.276
199.82 2.958
30.2871 0.37
123.345 1.786
43.1118 2.186
101.928 4.996
111.225 4.374
15.9833 3.806
227.623 1.558
191.799 5.748
144.81 5.42
19.0875 2.812
215.757 2.99
113.93 3.156
128.454 0.056
111.447 0.29
74.4678 0.664
226.256 1.054
199.166 4.872
131.423 2.166
239.298 0.568
90.1498 1.868
88.9749 0.47
64.9397 3.034
16.3967 3.486
161.467 4.908
118.419 5.674
62.7916 5.482
28.0171 0.642
10.7974 3.646
23.7998 1.022
12.7258 0.392
25.7784 2.498
103.35 5.424
108.803 0.83
217 1.792
159.549 0.792
194.952 1.29
70.1721 5.954
177.755 5.01
55.7937 0.568
33.6847 1.708
220.223 1.26
24.6064 3.742
191.935 1.852
57.3362 2.214
17.1733 0.066
23.4193 1.324
12.585 2.878
21.8197 1.572
190.54 5.954
144.513 2.598
55.8638 2.952
152.876 4.082
146.705 2.986
220.11 3.29
219.61 3.726
123.625 3.976
35.5609 2.46
142.92 5.212
128.698 0.28
183.654 0.558
223.871 3.57
69.704 5.062
140.417 2.894
109.545 2.216
103.031 1.942
115.715 0.974
13.6178 3.862
218.119 2.352
45.5622 3.662
163.497 2.438
236.102 3.636
194.229 1.71
85.3746 3.42
33.0272 4.196
86.0108 1.522
152.48 1.702
94.0975 3.358
65.1148 4.636
187.358 3.094
93.0443 1.35
96.1585 0.492
70.85 5.612
127.815 1.944
235.231 0.156
99.4794 4.104
239.606 5.104
10.6696 3.608
58.6619 4.918
100.872 1.642
238.928 4.424
198.374 1.932
51.3751 0.892
114.854 0.624
108.855 0.134
25.5667 3.042
53.7628 4.296
119.232 1.506
75.8475 0.99
43.6272 4.616
138.073 2.424
121.399 5.688
130.695 4.052
13.4319 4.652
157.521 1.192
214.23 5.374
227.372 2.59
91.6208 4.14
49.3767 5.886
170.01 4.548
155.033 3.776
89.2176 1.534
194.385 2.538
45.0408 0.412
62.2332 3.214
230.679 3.324
110.906 0.008
20.4205 2.166
135.596 5.758
21.2926 4.782
234.336 3.674
66.006 2.64
116.443 3.752
31.8372 5.57
110.592 5.16
132.172 4.594
76.4109 1.232
56.9747 2.772
146.848 1.35
70.994 3.204
147.114 5.624
45.9177 4.252
11.549 5.328
229.844 4.17
166.776 2.528
104.018 0.268
116.307 0.062
62.0176 4.492
34.406 4.666
75.5131 2.64
47.8104 1.288
175.646 3.554
33.1575 1.89
17.8426 2.974
16.2755 0.338
189.75 5.45
213.122 3.476
11.7223 1.072
10.7007 1.382
88.8017 5.436
182.507 4.284
22.2123 2.496
47.8462 4.6
99.6224 5.714
129.893 5.842
25.2716 4.612
180.769 2.946
59.9301 1.812
44.6278 0.43
170.279 3.234
95.6107 1.244
18.5088 0.358
120.144 0.874
135.059 0.652
53.4526 0.296
133.925 1.252
204.667 4.772
243.112 0.648
226.716 3.286
59.5995 2.934
86.9884 1.048
187.009 4.294
46.9322 3.154
42.8791 1.26
86.5601 5.45
50.9346 0.84
37.6753 0.722
149.947 3.954
71.585 3.794
219.342 1.096
11.1431 4.5
20.6705 1.508
134.878 4.614
196.094 0.916
82.5151 3.548
249.47 0.484
62.6762 0.346
116.22 2.262
119.136 0.562
74.5664 0.094
70.4248 5.322
16.3641 1.544
157.375 0.178
14.1912 4.198
212.063 4.512
19.8729 2.14
13.7108 1.106
91.9276 3.15
47.6428 4.372
15.1838 4.126
155.384 0.618
10.2431 1.478
92.9993 4.324
14.6883 2.328
23.6683 2.036
211.554 4.678
238.054 3.092
88.9455 2.012
95.9821 3.76
238.936 2.164
38.295 0.764
88.8361 4.834
164.169 5.266
192.488 0.842
208.434 4.314
226.798 0.386
58.0951 4.408
144.341 4.486
233.284 0.248
9.18733 0.322
197.219 0.614
198.998 3.284
155.963 0.6
68.1063 2.568
89.0021 2.33
25.9335 4.642
233.766 5.516
161.386 3.25
47.449 2.922
73.9071 1.512
171.995 3.508
143.304 3.76
142.89 0.636
83.4353 0.864
17.737 1.702
164.615 4.368
128.645 5.084
172.723 2.726
112.219 2.318
28.8889 5.588
25.9613 1.76
28.1453 0.594
68.4265 4.23
116.146 1.158
224.325 4.474
240.265 4.176
21.3838 2.664
151.773 2.32
224.896 1.99
75.5494 3.95
162.143 1.828
142.606 5.274
15.9557 1.73
22.2152 1.904
74.3938 2.528
187.371 3.726
46.7367 3.53
30.5352 2.808
124.243 5.584
127.76 2.992
181.524 0.898
31.1261 4.266
227.224 0.66
135.461 2.67
16.5575 3.986
193.958 5.11
51.2324 5.994
220.434 0.478
223.16 0.738
88.1741 4.612
57.4259 4.966
62.0224 0.528
30.879 1.868
173.722 1.85
20.0716 3.982
80.5407 4.706
152.501 5.544
101.397 2.7
96.8078 2.79
177.8 1.346
14.6121 2.348
106.114 4.342
48.1692 4.97
160.462 0.662
12.3685 2.776
70.6803 1.6
23.9552 1.282
191.627 3.5
183.76 2.346
88.8227 1.644
234.033 1.55
8.5888 5.26
114.997 0.038
213.921 0.736
235.769 3.472
50.9173 0.758
176.829 0.052
202.71 1.442
31.777 5.774
184.943 0.654
230.852 2.414
33.1352 2.81
89.3041 0.326
17.6005 0.76
132.782 1.454
233.771 5.22
90.2136 1.548
38.8298 3.224
28.5728 3.348
31.686 0.192
54.1721 4.552
84.5841 1.782
47.8921 2.806
28.4513 2.278
121.096 0.176
31.2228 1.668
66.2505 2.598
19.3037 1.632
18.6997 5.558
35.4965 1.906
149.521 1.668
171.056 4.452
27.6677 4.828
12.0435 1.676
211.382 0.12
249.473 3.57
16.9349 0.792
62.8833 0.772
64.4287 1.606
111.646 0.584
233.886 4.856
14.4298 4.18
152.414 0.55
231.561 3.28
221.027 0.152
9.38092 1.168
19.6588 0.506
34.089 3.47
165.795 3.498
51.9866 5.588
182.344 0.708
87.0376 4.342
245.139 0.058
127.079 0.108
248.503 2.536
246.223 5.858
209.769 2.61
170.975 5.164
173.822 2.492
150.459 3.772
116.578 3.256
23.2919 3.05
97.7371 1.29
137.492 5.022
27.6474 4.764
165.065 3.792
22.2489 3.722
47.695 2.604
36.9756 5.024
153.846 4.766
61.8672 1.546
45.7003 5.696
222.801 2.466
169.003 5.156
180.429 0.846
182.625 5.936
86.1998 3.052
146.565 1.42
11.7435 1.75
71.2757 5.754
242.25 4.98
124.039 3.258
73.8026 2.418
72.9324 1.7
116.396 4.128
23.6217 2.11
167.843 0.956
150.429 5.322
228.801 4.058
72.4045 1.25
164.789 1.012
146.577 4.638
92.9425 1.662
194.073 4.906
226.035 5.356
232.94 0.82
105.961 3.392
113.811 3.194
139.42 4.586
234.022 2.328
180.7 1.214
140.795 5.392
13.3574 1.182
13.6202 0.004
191.404 0.09
234.593 4.266
62.1899 2.646
11.3232 1.422
115.055 4.384
175.189 0.832
64.4446 0.724
13.3916 0.964
146.475 5.808
205.283 5.608
18.9139 2.19
208.517 2.802
201.864 1.182
154.074 2.366
74.3189 4.748
88.3282 0.648
172.871 1.808
20.7057 1.95
132.575 0.866
119.159 2.62
168.944 3.824
90.5028 4.582
242.594 4.558
42.3827 5.546
97.4248 3.478
48.3334 1.87
77.5237 5.674
56.3306 2.274
143.999 0.87
13.1014 1.132
27.4393 2.022
45.5892 5.97
181.041 1.528
87.1166 2.362
32.4978 2.892
161.6 0.778
135.689 5.692
99.6872 3.104
32.0427 3.386
244.057 1.574
222.6 0.112
131.501 1.91
164.53 0.188
187.591 1.872
92.3762 1.098
15.5847 3.814
83.2755 3.08
21.7092 4.176
12.0383 4.188
239.113 2.726
16.4105 3.904
219.607 0.622
67.5256 5.408
9.49702 5.48
70.2185 3.624
7.99673 1.898
96.4526 4.334
42.6773 1.908
80.1934 1.82
64.037 4.806
106.992 2.128
169.948 4.45
20.8575 2.504
62.1273 2.248
45.7966 3.616
115.281 3.31
201.131 4.684
27.3429 3.328
121.869 5.83
143.007 4.884
31.6464 4.614
35.8896 5.9
101.765 3.488
228.047 2.238
144.149 2.864
201.87 0.154
27.2502 1.896
116.005 3.35
180.979 1.716
153.529 1.924
96.9218 0.79
77.0665 0.628
99.8262 5.762
228.692 0.214
38.9179 0.246
153.592 2.182
214.675 5.742
37.7748 0.582
13.1964 0.764
228.711 3.746
247.078 0.976
28.6167 1.848
230.066 4.718
12.0929 3.266
106.973 2.868
241.863 4.76
89.5909 4.602
136.93 0.398
14.8497 2.476
102.479 1.392
89.239 4.282
78.146 3.214
129.406 5.074
199.419 5.71
152.838 2.536
49.7892 3.122
52.05 0.728
79.431 5.456
11.745 5.728
43.6517 1.768
62.3503 1.772
10.5963 0.272
58.1797 0.192
132.484 1.772
65.1452 1.688
159.917 2.512
123.554 1.698
89.9615 3.576
212.795 0.772
99.3855 3.692
69.2132 0.496
73.7854 1.696
79.0351 4.618
185.71 2.648
211.439 1.502
108.137 4.392
55.5506 3.922
30.8464 0.708
41.468 5.872
50.1311 0.422
224.736 4.228
123.77 3.992
171.951 2.642
41.0351 4.054
58.2256 4.156
148.926 1.732
128.421 4.65
147.971 5.34
83.5603 0.084
209.656 3.56
101.197 2.248
176.774 3.9
65.8522 1.496
69.7391 0.572
71.7238 2.986
245.042 3.34
190.898 2.976
223.466 0.916
83.4608 3.164
196.241 5.91
45.5837 2.792
224.068 0.806
90.2945 3.738
19.8105 1.672
27.0677 0.598
18.2479 0.452
168.622 2.53
220.293 2.728
156.928 1.98
61.0775 4.704
86.0554 1.32
168.126 2.954
127.658 3.788
134.054 4.498
31.875 1.868
13.7044 0.666
242.031 4.204
16.9438 2.722
137.236 2.162
222.238 1.29
13.6797 0.642
46.3018 0.264
87.9336 3.94
23.3736 1.252
17.5824 4.64
8.57419 4.834
111.828 2.568
110.559 3.446
50.543 5.006
7.10653 5.58
203.991 3.012
60.1252 5.084
142.482 0.188
219.967 0.408
17.4251 0.578
16.5201 5.912
41.5198 1.694
147.403 2.942
108.217 5.976
181.468 1.04
49.4855 2.914
178.393 0.04
233.667 5.444
158.404 4.146
171.991 1.12
86.2379 4.876
207.111 3.576
117.098 2.058
144.915 5.296
32.9176 2.604
87.5815 1.706
61.515 4.838
114.592 4.524
119.588 1.638
88.8911 5.938
242.24 0.248
31.4355 4.942
135.251 3.256
13.9341 0.258
119.596 2.816
221.279 4.97
233.21 4.994
34.0065 3.268
10.4842 0.762
170.56 5.406
104.867 0.628
14.4718 4.446
217.033 0.224
104.439 2.21
51.128 0.144
147.051 4.9
236.289 2.022
143.194 0.694
149.249 2.092
28.441 2.386
174.565 0.484
100.742 5.192
78.7449 1.246
10.2926 0.922
193.475 2.486
61.3732 4.202
35.6302 4.896
201.129 0.67
33.3665 5.37
133.848 0.706
52.0089 3.352
210.347 2.57
158.164 0.822
24.1432 3.624
20.648 0.718
25.3004 1.33
208.019 4.162
102.74 2.946
17.1019 1.318
118.41 4.276
144.991 5.182
111.03 4.492
10.4141 3.278
18.8503 1.526
36.8866 1.134
168.682 4.83
121.005 4.312
38.3566 5.04
125.398 2.034
12.1178 1.14
19.8486 3.544
244.666 0.02
106.061 5.874
16.7382 0.75
213.896 5.354
31.4987 2.216
11.5693 1.072
151.158 4.872
207.313 1.922
124.022 1.29
243.745 1.048
90.4086 2.346
128.036 4.776
51.8235 1.298
19.3782 3.338
13.5232 0.06
30.7715 2.67
249.632 4.256
35.4071 5.06
106.33 5.064
144.964 0.766
173.49 0.104
17.1455 1.32
230.795 0.808
11.4963 3.8
124.123 0.356
149.542 3.58
19.2363 2.55
162.253 5.37
100.182 0.252
154.397 4.722
157.211 4.184
162.312 4.062
131.326 1.354
31.2647 1.508
167.892 0.326
232 0.428
41.3584 0.92
187.439 1.062
221.301 3.606
45.9277 5.99
168.499 3.7
49.4301 5.678
217.299 0.402
51.5767 5.598
148.527 2.298
12.9647 4.648
213.034 2.564
29.3165 4.288
128.704 0.048
57.5844 4.072
34.536 5.244
103.452 0.288
22.4091 0.802
107.198 5.376
190.995 1.314
235.933 3.826
185.752 4.72
35.4657 2.088
219.921 0.91
26.3856 1.532
65.6862 4.884
222.636 0.336
207.003 2.18
28.7495 1.47
159.258 5.212
63.7521 2.926
180.271 4.366
173.913 1.348
129.789 2.178
97.5682 1.884
107.01 0.908
197.85 5.004
58.1435 2.542
17.054 1.048
21.0429 2.174
16.8468 0.366
190.324 3.228
32.7533 2.626
171.088 2.932
20.2867 5.622
58.1482 2.06
12.4196 2.174
92.9327 5.748
81.785 1.424
165.866 0.546
33.6647 1.09
156.398 2.998
116.437 2.48
226.349 4.174
120.291 3.994
52.187 1.644
109.007 0.764
33.6301 0.142
136.358 3.848
225.372 1.54
215.071 4.446
183.149 5.082
23.7231 0.022
133.759 2.434
152.889 3.54
55.7263 2.468
113.835 4.48
10.2381 3.566
191.799 2.588
64.1504 4.35
10.8056 2.498
22.1596 1.922
36.3438 3.832
29.1806 0.592
227.319 2.914
149.794 2.408
223.783 3.372
126.87 4.416
224.185 3.332
194.378 3.472
37.4268 5.642
146.531 0.758
18.7979 3.292
154.045 0.628
92.5151 5.09
221.672 2.616
221.861 3.1
169.56 5.858
249.35 3.53
48.294 5.652
94.7235 3.536
225.319 2.294
127.959 0.736
84.4851 5.422
106.956 2.544
161.304 5.768
19.3976 5.658
232.397 0.808
94.2831 0.434
201.989 0.97
202.36 2.056
145.329 3.526
12.4202 0.692
144.446 2.844
121.397 5.772
152.066 2.824
58.7083 0.302
17.1675 0.77
41.2385 4.008
84.6043 1.698
24.7595 1.908
30.1514 4.756
175.306 1.86
105.418 2.922
114.906 2.298
121.478 0.864
96.2896 5.228
65.4042 1.236
35.7618 1.126
124.765 4.192
238.515 5.128
92.376 2.248
39.4595 0.4
143.815 1.238
49.5877 2.354
144.63 0.362
112.857 5.154
93.5276 5.41
9.49539 0.894
206.597 5.07
237.742 5.574
68.9319 4.704
53.4555 4.21
209.996 4.08
126.042 3.062
16.3692 1.682
58.4157 1.01
10.8647 2.376
59.1674 4.38
16.1901 3.752
11.2563 0.874
108.285 0.004
30.8264 4.704
62.2342 0.646
103.661 1.29
159.143 5.384
127.338 3.908
107.549 5.612
178.93 0.414
122.815 2.828
221.965 2.252
165.783 0.388
63.4117 3.176
117.99 3.546
210.996 2.612
238.619 3.566
122.315 0.394
152.738 1.376
118.251 4.222
102.774 1.504
12.9061 0.75
10.088 2.182
180.986 1.73
211.679 3.276
23.0164 4.072
103.234 5.37
15.6457 1.948
91.1293 2.544
121.184 1.616
11.4874 0.798
159.751 1.646
119.705 0.278
97.4629 2.122
73.9108 1.114
226.624 2.96
15.5314 5.34
111.704 0.42
19.6305 5.02
133.175 4.148
115.542 1.934
145.835 5.642
228.761 5.268
133.68 5.606
226.085 2.86
177.324 5.042
99.6801 3.132
14.1881 0.636
197.133 5.966
178.078 5.112
103.232 2.944
232.417 2.2
64.9451 0.8
70.9536 2.99
13.5109 1.596
190.163 4.256
122.57 5.968
133.274 2.116
207.706 1.952
203.606 5.886
11.1204 0.1
40.5646 0.346
21.5486 0.806
230.14 4.056
19.9542 3.416
9.18004 0.68
129.14 0.616
218.844 3.796
12.0453 1.054
191.252 3.7
165.669 4.026
81.6264 3.446
41.4583 2.996
161.241 4.402
14.2511 2.946
17.5516 4.482
101.478 1.9
179.916 0.978
233.159 5.558
44.1264 0.122
223.499 1.628
197.28 5.024
55.7864 3.41
198.544 0.31
112.703 1.462
15.666 4.484
135.231 3.834
100.459 1.122
90.155 1.966
75.4436 1.922
149.988 0.482
142.306 0.406
130.905 3.15
59.8607 3.142
195.88 2.404
28.0914 0.474
27.3724 4.318
44.6579 2.632
196.587 3.882
44.6352 2.158
246.104 2.868
103.973 1.13
145.68 5.092
136.139 4.512
128.965 1.706
198.674 4.768
161.294 1.924
25.6726 4.476
226.199 1.286
122.328 3.804
209.991 5.08
112.248 3.61
17.2721 3.12
148.504 0.978
123.624 3.778
15.243 5.144
29.7015 2.066
168.122 2.604
30.2373 4.476
31.1263 2.632
24.069 5.64
203.984 3.48
117.504 4.904
183.13 3
40.2945 5.482
226.47 4.262
181.509 1.708
101.116 3.13
189.632 1.954
140.693 4.716
92.9994 2.98
88.7105 4.96
108.345 1.8
44.6115 2.006
60.455 0.722
55.8368 3.17
190.556 1.144
147.967 1.322
63.7508 3.87
13.1803 1.504
72.675 3.48
38.8506 4.628
26.8303 4.454
19.6882 0.512
210.054 0.216
159.539 0.99
66.2295 1.118
22.9168 5.964
233.423 1.348
44.2562 0.264
22.8748 3.292
13.5768 0.452
198.157 1.262
13.7122 1.054
38.3278 1.328
109.297 3.626
225.736 0.324
170.59 0.254
36.5576 2.39
22.678 5.17
192.718 5.838
186.238 1.456
17.2084 0.608
52.374 3.08
206.186 0.042
182.793 1.316
101.77 4.102
67.1453 1.838
178.109 0.638
241.663 0.944
20.8652 2.958
65.1728 1.722
42.7534 3.614
191.66 5.872
100.705 3.016
175.699 0.5
241.165 1.388
206.714 3.15
101.583 0.864
120.617 0.11
192.229 2.244
19.3392 5.352
17.3564 3.908
171.924 0.234
15.5203 2.926
158.844 4.368
28.3999 0.668
138.179 1.65
66.7664 0.178
184.29 3.94
171.189 0.232
247.433 3.158
151.218 3.77
115.927 0.308
158.649 1.8
55.8331 1.482
67.1881 4.68
187.749 5.81
48.3901 5.064
152.459 1.96
33.5966 0.662
218.426 0.46
20.1274 3.97
154.793 3.822
45.4098 5.456
28.5566 5.154
245.204 1.18
198.482 2.314
81.541 3.02
61.2441 4.32
138.28 0.46
174.194 5.602
57.5804 5.676
14.7122 1.402
131.692 4.07
157.916 3.814
54.089 3.92
13.3851 0.538
234.867 3.422
125.695 2.552
213.689 4.754
207.439 0.666
217.778 4.534
31.0199 0.814
11.1354 3.39
219.537 0.244
82.4203 2.67
12.6157 3.582
160.937 2.002
42.2806 3.51
9.30975 0.634
191.535 0.56
28.3864 0.918
133.315 0.662
153.744 0.152
79.2504 0.686
108.272 1.218
149.962 1.888
246.742 4.696
158.113 2.748
204.34 0.444
97.4622 5.412
236.037 4.144
54.1598 5.654
10.2713 0.73
230.33 1.416
139.634 2.224
147.03 1.64
29.4932 1.352
169.047 0.042
42.054 2.16
212.761 0.7
140.037 4.862
18.0388 5.074
55.2596 5.696
140.49 1.884
215.612 0.372
202.372 0.43
213.164 1.554
152.33 4.958
153.06 2.108
158.695 2.324
148.345 3.966
85.7217 3.446
33.162 0.99
157.443 4.106
63.9249 4.722
132.291 2.802
44.3635 4.678
40.1634 5.564
38.8448 3.908
