0.5 0
1.5 0
2.5 0
3.5 0
4.5 0
5.5 0
6.5 0
7.5 0.00280702
8.5 0.00880958
9.5 0.0141531
10.5 0.0188187
11.5 0.0227526
12.5 0.0259063
13.5 0.0282646
14.5 0.0298595
15.5 0.0307674
16.5 0.0310948
17.5 0.0309609
18.5 0.0304823
19.5 0.0297632
20.5 0.0288904
21.5 0.0279333
22.5 0.0269436
23.5 0.0259587
24.5 0.0250036
25.5 0.0240928
26.5 0.0232336
27.5 0.0224266
28.5 0.0216693
29.5 0.0209569
30.5 0.0202845
31.5 0.019648
32.5 0.0190451
33.5 0.0184752
34.5 0.0179396
35.5 0.0174406
36.5 0.0169812
37.5 0.0165636
38.5 0.0161891
39.5 0.0158568
40.5 0.0155645
41.5 0.0153075
42.5 0.0150798
43.5 0.0148746
44.5 0.0146841
45.5 0.0145014
46.5 0.01432
47.5 0.0141346
48.5 0.0139413
49.5 0.0137375
50.5 0.013522
51.5 0.0132946
52.5 0.013056
53.5 0.0128071
54.5 0.0125493
55.5 0.012284
56.5 0.0120123
57.5 0.0117353
58.5 0.0114536
59.5 0.0111678
60.5 0.0108783
61.5 0.0105851
62.5 0.0102882
63.5 0.00998795
64.5 0.00968447
65.5 0.009378
66.5 0.00906901
67.5 0.00875808
68.5 0.00844603
69.5 0.00813374
70.5 0.00782229
71.5 0.00751282
72.5 0.00720659
73.5 0.00690483
74.5 0.00660879
75.5 0.00631968
76.5 0.00603859
77.5 0.00576652
78.5 0.00550432
79.5 0.0052527
80.5 0.00501219
81.5 0.00478316
82.5 0.00456585
83.5 0.0043603
84.5 0.00416646
85.5 0.00398415
86.5 0.00381308
87.5 0.0036529
88.5 0.00350318
89.5 0.00336344
90.5 0.00323316
91.5 0.00311181
92.5 0.00299884
93.5 0.00289369
94.5 0.00279579
95.5 0.00270458
96.5 0.00261953
97.5 0.0025401
98.5 0.00246576
99.5 0.00239601
100.5 0.00233038
101.5 0.0022684
102.5 0.00220965
103.5 0.00215374
104.5 0.00210029
105.5 0.00204897
106.5 0.00199949
107.5 0.00195156
108.5 0.00190496
109.5 0.00185948
110.5 0.00181498
111.5 0.0017713
112.5 0.00172834
113.5 0.00168601
114.5 0.00164426
115.5 0.00160304
116.5 0.00156234
117.5 0.00152214
118.5 0.00148245
119.5 0.00144328
120.5 0.00140465
121.5 0.00136659
122.5 0.00132914
123.5 0.00129231
124.5 0.00125617
125.5 0.00122073
126.5 0.00118604
127.5 0.00115214
128.5 0.00111905
129.5 0.00108683
130.5 0.00105548
131.5 0.00102507
132.5 0.000995617
133.5 0.000967147
134.5 0.000939678
135.5 0.00091324
136.5 0.000887841
137.5 0.000863503
138.5 0.000840229
139.5 0.000818021
140.5 0.000796878
141.5 0.000776791
142.5 0.000757744
143.5 0.000739718
144.5 0.000722687
145.5 0.000706621
146.5 0.000691483
147.5 0.000677233
148.5 0.000663827
149.5 0.000651218
150.5 0.000639356
151.5 0.000628191
152.5 0.000617669
153.5 0.000607738
154.5 0.000598347
155.5 0.000589444
156.5 0.000580981
157.5 0.00057291
158.5 0.000565188
159.5 0.000557773
160.5 0.000550629
161.5 0.000543721
162.5 0.000537016
163.5 0.000530488
164.5 0.000524113
165.5 0.00051787
166.5 0.000511739
167.5 0.000505706
168.5 0.000499758
169.5 0.000493882
170.5 0.000488071
171.5 0.000482316
172.5 0.00047661
173.5 0.00047095
174.5 0.000465329
175.5 0.000459745
176.5 0.000454194
177.5 0.000448675
178.5 0.000443185
179.5 0.000437723
180.5 0.000432289
181.5 0.000426882
182.5 0.000421504
183.5 0.000416155
184.5 0.000410839
185.5 0.000405556
186.5 0.000400314
187.5 0.000395114
188.5 0.000389966
189.5 0.000384872
190.5 0.000379843
191.5 0.000374884
192.5 0.000370008
193.5 0.000365222
194.5 0.000360536
195.5 0.000355962
196.5 0.000351509
197.5 0.000347187
198.5 0.000343007
199.5 0.000338977
200.5 0.000335108
201.5 0.000331407
202.5 0.000327882
203.5 0.000324536
204.5 0.000321378
205.5 0.000318407
206.5 0.000315627
207.5 0.00031304
208.5 0.000310641
209.5 0.00030843
210.5 0.000306402
211.5 0.000304551
212.5 0.000302869
213.5 0.000301348
214.5 0.000299979
215.5 0.000298751
216.5 0.000297652
217.5 0.000296671
218.5 0.000295793
219.5 0.000295007
220.5 0.0002943
221.5 0.000293659
222.5 0.000293071
223.5 0.000292528
224.5 0.000292017
225.5 0.000291532
226.5 0.000291066
227.5 0.000290616
228.5 0.000290183
229.5 0.00028977
230.5 0.000289387
231.5 0.000289051
232.5 0.000288783
233.5 0.000288615
234.5 0.000288591
235.5 0.000288764
236.5 0.000289208
237.5 0.000290013
238.5 0.000291292
239.5 0.000293188
240.5 0.000295876
241.5 0.000299573
242.5 0.000304545
243.5 0.000311118
244.5 0.000319687
245.5 0.000330736
246.5 0.000344846
247.5 0.000362726
248.5 0.000385224
249.5 0.000413365
