-0.245 0
-0.235 0
-0.225 0
-0.215 0
-0.205 0
-0.195 0
-0.185 0
-0.175 0
-0.165 0
-0.155 0
-0.145 0
-0.135 0
-0.125 0
-0.115 0
-0.105 0
-0.095 0
-0.085 0
-0.075 0
-0.065 0
-0.055 0
-0.045 0
-0.035 0
-0.025 0
-0.015 0
-0.005 0
0.005 0
0.015 0
0.025 8.16062e-07
0.035 0
0.045 1.63212e-06
0.055 1.63212e-06
0.065 2.44819e-06
0.075 4.08031e-06
0.085 4.08031e-06
0.095 1.55052e-05
0.105 1.87694e-05
0.115 3.67228e-05
0.125 4.89637e-05
0.135 7.75259e-05
0.145 0.000112617
0.155 0.000141179
0.165 0.000228497
0.175 0.000270933
0.185 0.000338666
0.195 0.000471684
0.205 0.000634896
0.215 0.000775259
0.225 0.000927862
0.235 0.00117431
0.245 0.0013106
0.255 0.00156929
0.265 0.00192346
0.275 0.00221561
0.285 0.00247675
0.295 0.00296067
0.305 0.00327486
0.315 0.00381264
0.325 0.00439041
0.335 0.00483517
0.345 0.00539254
0.355 0.00607803
0.365 0.00675618
0.375 0.00751267
0.385 0.00811084
0.395 0.00870167
0.405 0.00953405
0.415 0.0103118
0.425 0.0112021
0.435 0.0119129
0.445 0.0127379
0.455 0.0136152
0.465 0.0146426
0.475 0.0154782
0.485 0.0163612
0.495 0.0170957
0.505 0.0182129
0.515 0.0188445
0.525 0.0199894
0.535 0.0210536
0.545 0.0217383
0.555 0.0224776
0.565 0.0233932
0.575 0.0239971
0.585 0.0250376
0.595 0.0255664
0.605 0.0261589
0.615 0.0266338
0.625 0.0276319
0.635 0.0279599
0.645 0.0287254
0.655 0.0288355
0.665 0.0292011
0.675 0.0297267
0.685 0.0300262
0.695 0.0305501
0.705 0.0307566
0.715 0.0309402
0.725 0.0309075
0.735 0.0311524
0.745 0.0314682
0.755 0.0313653
0.765 0.031305
0.775 0.0315547
0.785 0.0320019
0.795 0.0315392
0.805 0.0319766
0.815 0.0315212
0.825 0.0316812
0.835 0.0317824
0.845 0.0313009
0.855 0.0312911
0.865 0.0313327
0.875 0.0313433
0.885 0.0308879
0.895 0.031012
0.905 0.0308545
0.915 0.0306178
0.925 0.0303665
0.935 0.0306872
0.945 0.0301935
0.955 0.0304171
0.965 0.0300809
0.975 0.0298132
0.985 0.0296377
0.995 0.0298328
1.005 0.0294027
1.015 0.0294313
1.025 0.0291155
1.035 0.0291791
1.045 0.0290281
1.055 0.0288029
1.065 0.0287768
1.075 0.0284879
1.085 0.0286838
1.095 0.0282888
1.105 0.0286454
1.115 0.0283932
1.125 0.0283067
1.135 0.0278587
1.145 0.0280383
1.155 0.0279142
1.165 0.0275878
1.175 0.0275788
1.185 0.0273397
1.195 0.0271594
1.205 0.0269896
1.215 0.0270239
1.225 0.0268142
1.235 0.0264151
1.245 0.026602
1.255 0.0264845
1.265 0.0262715
1.275 0.0263368
1.285 0.0261907
1.295 0.0259802
1.305 0.0257068
1.315 0.0259353
1.325 0.0257598
1.335 0.0254628
1.345 0.025302
1.355 0.0252849
1.365 0.0251543
1.375 0.0248866
1.385 0.0251265
1.395 0.0249087
1.405 0.0250311
1.415 0.0246997
1.425 0.0244304
1.435 0.0244272
1.445 0.0240771
1.455 0.0242591
1.465 0.0239171
1.475 0.0240094
1.485 0.0238674
1.495 0.0234406
1.505 0.0235597
1.515 0.0235646
1.525 0.0230456
1.535 0.0229624
1.545 0.0231941
1.555 0.023217
1.565 0.0229664
1.575 0.0228122
1.585 0.0226359
1.595 0.0225151
1.605 0.0227861
1.615 0.0222075
1.625 0.0226318
1.635 0.0220802
1.645 0.0220125
1.655 0.0218525
1.665 0.0217693
1.675 0.021806
1.685 0.0216012
1.695 0.0216885
1.705 0.0213009
1.715 0.0214331
1.725 0.0213335
1.735 0.0211646
1.745 0.0209516
1.755 0.0210226
1.765 0.0209499
1.775 0.0209132
1.785 0.0207361
1.795 0.020821
1.805 0.0206431
1.815 0.0203004
1.825 0.0206815
1.835 0.0205338
1.845 0.020422
1.855 0.0201053
1.865 0.0197226
1.875 0.0199813
1.885 0.0198034
1.895 0.019721
1.905 0.0194206
1.915 0.0195365
1.925 0.019774
1.935 0.0194867
1.945 0.0193088
1.955 0.0190085
1.965 0.0190812
1.975 0.0190167
1.985 0.0190844
1.995 0.0186193
2.005 0.0186291
2.015 0.0187164
2.025 0.0186642
2.035 0.018443
2.045 0.0184406
2.055 0.0182218
2.065 0.0182675
2.075 0.018106
2.085 0.017986
2.095 0.0181794
2.105 0.0177722
2.115 0.0179126
2.125 0.0178546
2.135 0.0177404
2.145 0.0177673
2.155 0.0175535
2.165 0.0173185
2.175 0.0171308
2.185 0.0172907
2.195 0.0170696
2.205 0.0172826
2.215 0.0170549
2.225 0.0168909
2.235 0.0171487
2.245 0.016868
2.255 0.0168435
2.265 0.0166705
2.275 0.0167954
2.285 0.0165546
2.295 0.0163359
2.305 0.0164339
2.315 0.0162747
2.325 0.0161499
2.335 0.0162788
2.345 0.0160519
2.355 0.0160952
2.365 0.0159622
2.375 0.0157606
2.385 0.0157092
2.395 0.0155125
2.405 0.0156357
2.415 0.0156333
2.425 0.0153607
2.435 0.0154268
2.445 0.0154415
2.455 0.0153183
2.465 0.0150702
2.475 0.0151135
2.485 0.0151926
2.495 0.0148621
2.505 0.014925
2.515 0.0148768
2.525 0.0148825
2.535 0.014845
2.545 0.014712
2.555 0.0145871
2.565 0.0145675
2.575 0.0145814
2.585 0.0147201
2.595 0.0143635
2.605 0.0142778
2.615 0.0142093
2.625 0.0141326
2.635 0.0142452
2.645 0.0139343
2.655 0.0141187
2.665 0.0139449
2.675 0.0140126
2.685 0.0136764
2.695 0.0137384
2.705 0.0135899
2.715 0.0133222
2.725 0.0135817
2.735 0.0135107
2.745 0.0132398
2.755 0.0132667
2.765 0.0129991
2.775 0.0131998
2.785 0.0131663
2.795 0.0132749
2.805 0.0132006
2.815 0.0130578
2.825 0.0128611
2.835 0.0128824
2.845 0.0126082
2.855 0.0126237
2.865 0.0126286
2.875 0.012622
2.885 0.0126506
2.895 0.0124099
2.905 0.0124547
2.915 0.0122352
2.925 0.0122891
2.935 0.0122009
2.945 0.0121406
2.955 0.0120598
2.965 0.012183
2.975 0.0120793
2.985 0.0119447
2.995 0.0119692
3.005 0.0117578
3.015 0.0120492
3.025 0.0116999
3.035 0.0117187
3.045 0.011726
3.055 0.0115179
3.065 0.0114714
3.075 0.0115252
3.085 0.0115367
3.095 0.0112094
3.105 0.0112617
3.115 0.011495
3.125 0.0114942
3.135 0.0112111
3.145 0.0111776
3.155 0.0110764
3.165 0.0111515
3.175 0.0111637
3.185 0.0108406
3.195 0.0108585
3.205 0.0109026
3.215 0.0107998
3.225 0.0108128
3.235 0.0109132
3.245 0.0106047
3.255 0.0106839
3.265 0.0105068
3.275 0.0106798
3.285 0.0103754
3.295 0.0104937
3.305 0.010373
3.315 0.0103436
3.325 0.0102661
3.335 0.0102448
3.345 0.0102326
3.355 0.0101461
3.365 0.0102122
3.375 0.0100172
3.385 0.00999921
3.395 0.00998778
3.405 0.00997065
3.415 0.00992495
3.425 0.00999758
3.435 0.00975602
3.445 0.00976989
3.455 0.00983681
3.465 0.00958546
3.475 0.00963035
3.485 0.00956751
3.495 0.00960015
3.505 0.00945979
3.515 0.00948264
3.525 0.00948999
3.535 0.00955527
3.545 0.00923701
3.555 0.00930311
3.565 0.00928515
3.575 0.00928352
3.585 0.00911623
3.595 0.00904278
3.605 0.00912765
3.615 0.00898239
3.625 0.00900932
3.635 0.00894567
3.645 0.00892445
3.655 0.00888936
3.665 0.0086625
3.675 0.00877593
3.685 0.0088404
3.695 0.00878409
3.705 0.00870248
3.715 0.0085662
3.725 0.0085711
3.735 0.00843074
3.745 0.00858171
3.755 0.00844216
3.765 0.00846583
3.775 0.00856212
3.785 0.00842666
3.795 0.00822346
3.805 0.00812798
3.815 0.00820632
3.825 0.0081647
3.835 0.00807004
3.845 0.00817204
3.855 0.00810513
3.865 0.00804882
3.875 0.00809044
3.885 0.00795252
3.895 0.00792723
3.905 0.00795089
3.915 0.00796885
3.925 0.00777462
3.935 0.00778523
3.945 0.00776891
3.955 0.0076718
3.965 0.00766772
3.975 0.0076669
3.985 0.00760162
3.995 0.00767343
4.005 0.00752083
4.015 0.00742535
4.025 0.00745146
4.035 0.00742943
4.045 0.00730702
4.055 0.00740903
4.065 0.00718787
4.075 0.0073111
4.085 0.00723602
4.095 0.00705486
4.105 0.00724418
4.115 0.00716666
4.125 0.00715442
4.135 0.00713646
4.145 0.00711851
4.155 0.00709403
4.165 0.00709158
4.175 0.00696672
4.185 0.00690307
4.195 0.00681004
4.205 0.00695774
4.215 0.00692021
4.225 0.00681493
4.235 0.0067774
4.245 0.00680759
4.255 0.0066762
4.265 0.00671864
4.275 0.00650646
4.285 0.00683044
4.295 0.00663703
4.305 0.00657338
4.315 0.0066762
4.325 0.00648116
4.335 0.00655298
4.345 0.00633264
4.355 0.0063253
4.365 0.00636039
4.375 0.00643057
4.385 0.00630734
4.395 0.00626164
4.405 0.00619146
4.415 0.00626328
4.425 0.00627388
4.435 0.00613434
4.445 0.00617677
4.455 0.00607885
4.465 0.00619146
4.475 0.0059646
4.485 0.00600622
4.495 0.00602254
4.505 0.00603315
4.515 0.00596705
4.525 0.00595236
4.535 0.00595725
4.545 0.00591808
4.555 0.00592298
4.565 0.00583974
4.575 0.00581281
4.585 0.00577772
4.595 0.00566429
4.605 0.00585116
4.615 0.00568387
4.625 0.00571896
4.635 0.00555575
4.645 0.00564062
4.655 0.00570019
4.665 0.00572059
4.675 0.0056651
4.685 0.00556228
4.695 0.00552637
4.705 0.00545945
4.715 0.00556228
4.725 0.00542518
4.735 0.00539417
4.745 0.00543579
4.755 0.00548557
4.765 0.00548557
4.775 0.00528808
4.785 0.00529135
4.795 0.00518689
4.805 0.00514364
4.815 0.00519668
4.825 0.00510692
4.835 0.00511181
4.845 0.0051469
4.855 0.00509059
4.865 0.00524728
4.875 0.00508896
4.885 0.00515914
4.895 0.00499512
4.905 0.00493881
4.915 0.00507509
4.925 0.00493962
4.935 0.00479436
4.945 0.0048319
4.955 0.00481966
4.965 0.00497635
4.975 0.00494126
4.985 0.00492575
4.995 0.00482864
5.005 0.00489311
5.015 0.00479028
5.025 0.004796
5.035 0.00473479
5.045 0.00478457
5.055 0.00475356
5.065 0.00476417
5.075 0.00453567
5.085 0.00469072
5.095 0.00457648
5.105 0.00456423
5.115 0.00455934
5.125 0.00455363
5.135 0.00453241
5.145 0.00451609
5.155 0.00443611
5.165 0.00461238
5.175 0.0044712
5.185 0.00441408
5.195 0.00435696
5.205 0.00440837
5.215 0.00440837
5.225 0.0043798
5.235 0.0043643
5.245 0.00418721
5.255 0.0042223
5.265 0.00419293
5.275 0.00428596
5.285 0.00429738
5.295 0.00418232
5.305 0.00417416
5.315 0.00409582
5.325 0.00414641
5.335 0.00422883
5.345 0.00425658
5.355 0.00400931
5.365 0.00402237
5.375 0.0040289
5.385 0.00405093
5.395 0.00402319
5.405 0.0039326
5.415 0.00397177
5.425 0.00399544
5.435 0.00386895
5.445 0.00399299
5.455 0.00382488
5.465 0.00399218
5.475 0.00390567
5.485 0.00382978
5.495 0.00379306
5.505 0.0038208
5.515 0.00382162
5.525 0.0037343
5.535 0.00373593
5.545 0.00369676
5.555 0.00377347
5.565 0.0036429
5.575 0.00362984
5.585 0.00365841
5.595 0.00358088
5.605 0.00366412
5.615 0.00366983
5.625 0.00362658
5.635 0.00361352
5.645 0.00356374
5.655 0.00359149
5.665 0.00355721
5.675 0.0034903
5.685 0.00352376
5.695 0.00342828
5.705 0.00338421
5.715 0.00343072
5.725 0.00338503
5.735 0.00343236
5.745 0.0033279
5.755 0.00342256
5.765 0.00334422
5.775 0.00337768
5.785 0.0033687
5.795 0.00334504
5.805 0.00329363
5.815 0.003323
5.825 0.00336299
5.835 0.00340461
5.845 0.00322834
5.855 0.00331566
5.865 0.00326098
5.875 0.00320386
5.885 0.00324956
5.895 0.00311817
5.905 0.00319243
5.915 0.0030994
5.925 0.00319488
5.935 0.00319243
5.945 0.00306268
5.955 0.00307329
5.965 0.00316958
5.975 0.0030129
5.985 0.00304065
5.995 0.00311001
6.005 0.00295496
6.015 0.00300311
6.025 0.0029876
6.035 0.00298679
6.045 0.00297047
6.055 0.00302514
6.065 0.00296149
6.075 0.00302351
6.085 0.00296394
6.095 0.00292395
6.105 0.00290355
6.115 0.00285295
6.125 0.00285295
6.135 0.00290681
6.145 0.00284887
6.155 0.00295088
6.165 0.00282765
6.175 0.00274605
6.185 0.00282031
6.195 0.00278114
6.205 0.00284071
6.215 0.00279828
6.225 0.00266199
6.235 0.00281297
6.245 0.00274523
