5 0.525 0.15 24.4769
5 0.525 0.65 24.4769
5 0.525 1.15 24.4769
5 0.525 1.65 24.4769
5 0.525 2.15 24.4769
5 0.525 2.65 24.4769
5 0.525 3.15 24.4769
5 0.525 3.65 24.4769
5 0.525 4.15 24.4769
5 0.525 4.65 24.4769
5 0.575 0.15 18.0377
5 0.575 0.65 18.0377
5 0.575 1.15 18.0377
5 0.575 1.65 18.0377
5 0.575 2.15 18.0377
5 0.575 2.65 18.0377
5 0.575 3.15 18.0377
5 0.575 3.65 18.0377
5 0.575 4.15 18.0377
5 0.575 4.65 18.0377
5 0.625 0.15 13.4783
5 0.625 0.65 13.4783
5 0.625 1.15 13.4783
5 0.625 1.65 13.4783
5 0.625 2.15 13.4783
5 0.625 2.65 13.4783
5 0.625 3.15 13.4783
5 0.625 3.65 13.4783
5 0.625 4.15 13.4783
5 0.625 4.65 13.4783
5 0.675 0.15 10.9586
5 0.675 0.65 10.9586
5 0.675 1.15 10.9586
5 0.675 1.65 10.9586
5 0.675 2.15 10.9586
5 0.675 2.65 10.9586
5 0.675 3.15 10.9586
5 0.675 3.65 10.9586
5 0.675 4.15 10.9586
5 0.675 4.65 10.9586
5 0.725 0.15 9.33882
5 0.725 0.65 9.33882
5 0.725 1.15 9.33882
5 0.725 1.65 9.33882
5 0.725 2.15 9.33882
5 0.725 2.65 9.33882
5 0.725 3.15 9.33882
5 0.725 3.65 9.33882
5 0.725 4.15 9.33882
5 0.725 4.65 9.33882
5 0.775 0.15 8.57891
5 0.775 0.65 8.57891
5 0.775 1.15 8.57891
5 0.775 1.65 8.57891
5 0.775 2.15 8.57891
5 0.775 2.65 8.57891
5 0.775 3.15 8.57891
5 0.775 3.65 8.57891
5 0.775 4.15 8.57891
5 0.775 4.65 8.57891
5 0.825 0.15 8.81888
5 0.825 0.65 8.81888
5 0.825 1.15 8.81888
5 0.825 1.65 8.81888
5 0.825 2.15 8.81888
5 0.825 2.65 8.81888
5 0.825 3.15 8.81888
5 0.825 3.65 8.81888
5 0.825 4.15 8.81888
5 0.825 4.65 8.81888
5 0.875 0.15 8.27895
5 0.875 0.65 8.27895
5 0.875 1.15 8.27895
5 0.875 1.65 8.27895
5 0.875 2.15 8.27895
5 0.875 2.65 8.27895
5 0.875 3.15 8.27895
5 0.875 3.65 8.27895
5 0.875 4.15 8.27895
5 0.875 4.65 8.27895
15 0.525 0.15 11.2586
15 0.525 0.65 11.2586
15 0.525 1.15 11.2586
15 0.525 1.65 11.2586
15 0.525 2.15 11.2586
15 0.525 2.65 11.2586
15 0.525 3.15 11.2586
15 0.525 3.65 11.2586
15 0.525 4.15 11.2586
15 0.525 4.65 11.2586
15 0.575 0.15 7.47905
15 0.575 0.65 7.47905
15 0.575 1.15 7.47905
15 0.575 1.65 7.47905
15 0.575 2.15 7.47905
15 0.575 2.65 7.47905
15 0.575 3.15 7.47905
15 0.575 3.65 7.47905
15 0.575 4.15 7.47905
15 0.575 4.65 7.47905
15 0.625 0.15 5.67928
15 0.625 0.65 5.67928
15 0.625 1.15 5.67928
15 0.625 1.65 5.67928
15 0.625 2.15 5.67928
15 0.625 2.65 5.67928
15 0.625 3.15 5.67928
15 0.625 3.65 5.67928
15 0.625 4.15 5.67928
15 0.625 4.65 5.67928
15 0.675 0.15 4.89938
15 0.675 0.65 4.89938
15 0.675 1.15 4.89938
15 0.675 1.65 4.89938
15 0.675 2.15 4.89938
15 0.675 2.65 4.89938
15 0.675 3.15 4.89938
15 0.675 3.65 4.89938
15 0.675 4.15 4.89938
15 0.675 4.65 4.89938
15 0.725 0.15 4.79939
15 0.725 0.65 4.79939
15 0.725 1.15 4.79939
15 0.725 1.65 4.79939
15 0.725 2.15 4.79939
15 0.725 2.65 4.79939
15 0.725 3.15 4.79939
15 0.725 3.65 4.79939
15 0.725 4.15 4.79939
15 0.725 4.65 4.79939
15 0.775 0.15 6.3392
15 0.775 0.65 6.3392
15 0.775 1.15 6.3392
15 0.775 1.65 6.3392
15 0.775 2.15 6.3392
15 0.775 2.65 6.3392
15 0.775 3.15 6.3392
15 0.775 3.65 6.3392
15 0.775 4.15 6.3392
15 0.775 4.65 6.3392
15 0.825 0.15 5.71927
15 0.825 0.65 5.71927
15 0.825 1.15 5.71927
15 0.825 1.65 5.71927
15 0.825 2.15 5.71927
15 0.825 2.65 5.71927
15 0.825 3.15 5.71927
15 0.825 3.65 5.71927
15 0.825 4.15 5.71927
15 0.825 4.65 5.71927
15 0.875 0.15 7.03911
15 0.875 0.65 7.03911
15 0.875 1.15 7.03911
15 0.875 1.65 7.03911
15 0.875 2.15 7.03911
15 0.875 2.65 7.03911
15 0.875 3.15 7.03911
15 0.875 3.65 7.03911
15 0.875 4.15 7.03911
15 0.875 4.65 7.03911
25 0.525 0.15 5.55929
25 0.525 0.65 5.55929
25 0.525 1.15 5.55929
25 0.525 1.65 5.55929
25 0.525 2.15 5.55929
25 0.525 2.65 5.55929
25 0.525 3.15 5.55929
25 0.525 3.65 5.55929
25 0.525 4.15 5.55929
25 0.525 4.65 5.55929
25 0.575 0.15 4.29945
25 0.575 0.65 4.29945
25 0.575 1.15 4.29945
25 0.575 1.65 4.29945
25 0.575 2.15 4.29945
25 0.575 2.65 4.29945
25 0.575 3.15 4.29945
25 0.575 3.65 4.29945
25 0.575 4.15 4.29945
25 0.575 4.65 4.29945
25 0.625 0.15 3.09961
25 0.625 0.65 3.09961
25 0.625 1.15 3.09961
25 0.625 1.65 3.09961
25 0.625 2.15 3.09961
25 0.625 2.65 3.09961
25 0.625 3.15 3.09961
25 0.625 3.65 3.09961
25 0.625 4.15 3.09961
25 0.625 4.65 3.09961
25 0.675 0.15 3.37957
25 0.675 0.65 3.37957
25 0.675 1.15 3.37957
25 0.675 1.65 3.37957
25 0.675 2.15 3.37957
25 0.675 2.65 3.37957
25 0.675 3.15 3.37957
25 0.675 3.65 3.37957
25 0.675 4.15 3.37957
25 0.675 4.65 3.37957
25 0.725 0.15 3.25959
25 0.725 0.65 3.25959
25 0.725 1.15 3.25959
25 0.725 1.65 3.25959
25 0.725 2.15 3.25959
25 0.725 2.65 3.25959
25 0.725 3.15 3.25959
25 0.725 3.65 3.25959
25 0.725 4.15 3.25959
25 0.725 4.65 3.25959
25 0.775 0.15 3.1396
25 0.775 0.65 3.1396
25 0.775 1.15 3.1396
25 0.775 1.65 3.1396
25 0.775 2.15 3.1396
25 0.775 2.65 3.1396
25 0.775 3.15 3.1396
25 0.775 3.65 3.1396
25 0.775 4.15 3.1396
25 0.775 4.65 3.1396
25 0.825 0.15 4.23946
25 0.825 0.65 4.23946
25 0.825 1.15 4.23946
25 0.825 1.65 4.23946
25 0.825 2.15 4.23946
25 0.825 2.65 4.23946
25 0.825 3.15 4.23946
25 0.825 3.65 4.23946
25 0.825 4.15 4.23946
25 0.825 4.65 4.23946
25 0.875 0.15 6.67915
25 0.875 0.65 6.67915
25 0.875 1.15 6.67915
25 0.875 1.65 6.67915
25 0.875 2.15 6.67915
25 0.875 2.65 6.67915
25 0.875 3.15 6.67915
25 0.875 3.65 6.67915
25 0.875 4.15 6.67915
25 0.875 4.65 6.67915
35 0.525 0.15 4.41944
35 0.525 0.65 4.41944
35 0.525 1.15 4.41944
35 0.525 1.65 4.41944
35 0.525 2.15 4.41944
35 0.525 2.65 4.41944
35 0.525 3.15 4.41944
35 0.525 3.65 4.41944
35 0.525 4.15 4.41944
35 0.525 4.65 4.41944
35 0.575 0.15 3.43956
35 0.575 0.65 3.43956
35 0.575 1.15 3.43956
35 0.575 1.65 3.43956
35 0.575 2.15 3.43956
35 0.575 2.65 3.43956
35 0.575 3.15 3.43956
35 0.575 3.65 3.43956
35 0.575 4.15 3.43956
35 0.575 4.65 3.43956
35 0.625 0.15 2.85964
35 0.625 0.65 2.85964
35 0.625 1.15 2.85964
35 0.625 1.65 2.85964
35 0.625 2.15 2.85964
35 0.625 2.65 2.85964
35 0.625 3.15 2.85964
35 0.625 3.65 2.85964
35 0.625 4.15 2.85964
35 0.625 4.65 2.85964
35 0.675 0.15 2.05974
35 0.675 0.65 2.05974
35 0.675 1.15 2.05974
35 0.675 1.65 2.05974
35 0.675 2.15 2.05974
35 0.675 2.65 2.05974
35 0.675 3.15 2.05974
35 0.675 3.65 2.05974
35 0.675 4.15 2.05974
35 0.675 4.65 2.05974
35 0.725 0.15 2.57967
35 0.725 0.65 2.57967
35 0.725 1.15 2.57967
35 0.725 1.65 2.57967
35 0.725 2.15 2.57967
35 0.725 2.65 2.57967
35 0.725 3.15 2.57967
35 0.725 3.65 2.57967
35 0.725 4.15 2.57967
35 0.725 4.65 2.57967
35 0.775 0.15 2.51968
35 0.775 0.65 2.51968
35 0.775 1.15 2.51968
35 0.775 1.65 2.51968
35 0.775 2.15 2.51968
35 0.775 2.65 2.51968
35 0.775 3.15 2.51968
35 0.775 3.65 2.51968
35 0.775 4.15 2.51968
35 0.775 4.65 2.51968
35 0.825 0.15 2.91963
35 0.825 0.65 2.91963
35 0.825 1.15 2.91963
35 0.825 1.65 2.91963
35 0.825 2.15 2.91963
35 0.825 2.65 2.91963
35 0.825 3.15 2.91963
35 0.825 3.65 2.91963
35 0.825 4.15 2.91963
35 0.825 4.65 2.91963
35 0.875 0.15 4.23946
35 0.875 0.65 4.23946
35 0.875 1.15 4.23946
35 0.875 1.65 4.23946
35 0.875 2.15 4.23946
35 0.875 2.65 4.23946
35 0.875 3.15 4.23946
35 0.875 3.65 4.23946
35 0.875 4.15 4.23946
35 0.875 4.65 4.23946
45 0.525 0.15 4.05948
45 0.525 0.65 4.05948
45 0.525 1.15 4.05948
45 0.525 1.65 4.05948
45 0.525 2.15 4.05948
45 0.525 2.65 4.05948
45 0.525 3.15 4.05948
45 0.525 3.65 4.05948
45 0.525 4.15 4.05948
45 0.525 4.65 4.05948
45 0.575 0.15 2.95962
45 0.575 0.65 2.95962
45 0.575 1.15 2.95962
45 0.575 1.65 2.95962
45 0.575 2.15 2.95962
45 0.575 2.65 2.95962
45 0.575 3.15 2.95962
45 0.575 3.65 2.95962
45 0.575 4.15 2.95962
45 0.575 4.65 2.95962
45 0.625 0.15 2.11973
45 0.625 0.65 2.11973
45 0.625 1.15 2.11973
45 0.625 1.65 2.11973
45 0.625 2.15 2.11973
45 0.625 2.65 2.11973
45 0.625 3.15 2.11973
45 0.625 3.65 2.11973
45 0.625 4.15 2.11973
45 0.625 4.65 2.11973
45 0.675 0.15 1.83977
45 0.675 0.65 1.83977
45 0.675 1.15 1.83977
45 0.675 1.65 1.83977
45 0.675 2.15 1.83977
45 0.675 2.65 1.83977
45 0.675 3.15 1.83977
45 0.675 3.65 1.83977
45 0.675 4.15 1.83977
45 0.675 4.65 1.83977
45 0.725 0.15 2.3397
45 0.725 0.65 2.3397
45 0.725 1.15 2.3397
45 0.725 1.65 2.3397
45 0.725 2.15 2.3397
45 0.725 2.65 2.3397
45 0.725 3.15 2.3397
45 0.725 3.65 2.3397
45 0.725 4.15 2.3397
45 0.725 4.65 2.3397
45 0.775 0.15 2.01974
45 0.775 0.65 2.01974
45 0.775 1.15 2.01974
45 0.775 1.65 2.01974
45 0.775 2.15 2.01974
45 0.775 2.65 2.01974
45 0.775 3.15 2.01974
45 0.775 3.65 2.01974
45 0.775 4.15 2.01974
45 0.775 4.65 2.01974
45 0.825 0.15 1.85976
45 0.825 0.65 1.85976
45 0.825 1.15 1.85976
45 0.825 1.65 1.85976
45 0.825 2.15 1.85976
45 0.825 2.65 1.85976
45 0.825 3.15 1.85976
45 0.825 3.65 1.85976
45 0.825 4.15 1.85976
45 0.825 4.65 1.85976
45 0.875 0.15 3.33958
45 0.875 0.65 3.33958
45 0.875 1.15 3.33958
45 0.875 1.65 3.33958
45 0.875 2.15 3.33958
45 0.875 2.65 3.33958
45 0.875 3.15 3.33958
45 0.875 3.65 3.33958
45 0.875 4.15 3.33958
45 0.875 4.65 3.33958
55 0.525 0.15 3.1596
55 0.525 0.65 3.1596
55 0.525 1.15 3.1596
55 0.525 1.65 3.1596
55 0.525 2.15 3.1596
55 0.525 2.65 3.1596
55 0.525 3.15 3.1596
55 0.525 3.65 3.1596
55 0.525 4.15 3.1596
55 0.525 4.65 3.1596
55 0.575 0.15 2.45969
55 0.575 0.65 2.45969
55 0.575 1.15 2.45969
55 0.575 1.65 2.45969
55 0.575 2.15 2.45969
55 0.575 2.65 2.45969
55 0.575 3.15 2.45969
55 0.575 3.65 2.45969
55 0.575 4.15 2.45969
55 0.575 4.65 2.45969
55 0.625 0.15 2.3997
55 0.625 0.65 2.3997
55 0.625 1.15 2.3997
55 0.625 1.65 2.3997
55 0.625 2.15 2.3997
55 0.625 2.65 2.3997
55 0.625 3.15 2.3997
55 0.625 3.65 2.3997
55 0.625 4.15 2.3997
55 0.625 4.65 2.3997
55 0.675 0.15 1.77977
55 0.675 0.65 1.77977
55 0.675 1.15 1.77977
55 0.675 1.65 1.77977
55 0.675 2.15 1.77977
55 0.675 2.65 1.77977
55 0.675 3.15 1.77977
55 0.675 3.65 1.77977
55 0.675 4.15 1.77977
55 0.675 4.65 1.77977
55 0.725 0.15 1.5798
55 0.725 0.65 1.5798
55 0.725 1.15 1.5798
55 0.725 1.65 1.5798
55 0.725 2.15 1.5798
55 0.725 2.65 1.5798
55 0.725 3.15 1.5798
55 0.725 3.65 1.5798
55 0.725 4.15 1.5798
55 0.725 4.65 1.5798
55 0.775 0.15 1.85976
55 0.775 0.65 1.85976
55 0.775 1.15 1.85976
55 0.775 1.65 1.85976
55 0.775 2.15 1.85976
55 0.775 2.65 1.85976
55 0.775 3.15 1.85976
55 0.775 3.65 1.85976
55 0.775 4.15 1.85976
55 0.775 4.65 1.85976
55 0.825 0.15 1.61979
55 0.825 0.65 1.61979
55 0.825 1.15 1.61979
55 0.825 1.65 1.61979
55 0.825 2.15 1.61979
55 0.825 2.65 1.61979
55 0.825 3.15 1.61979
55 0.825 3.65 1.61979
55 0.825 4.15 1.61979
55 0.825 4.65 1.61979
55 0.875 0.15 2.51968
55 0.875 0.65 2.51968
55 0.875 1.15 2.51968
55 0.875 1.65 2.51968
55 0.875 2.15 2.51968
55 0.875 2.65 2.51968
55 0.875 3.15 2.51968
55 0.875 3.65 2.51968
55 0.875 4.15 2.51968
55 0.875 4.65 2.51968
65 0.525 0.15 2.67966
65 0.525 0.65 2.67966
65 0.525 1.15 2.67966
65 0.525 1.65 2.67966
65 0.525 2.15 2.67966
65 0.525 2.65 2.67966
65 0.525 3.15 2.67966
65 0.525 3.65 2.67966
65 0.525 4.15 2.67966
65 0.525 4.65 2.67966
65 0.575 0.15 1.71978
65 0.575 0.65 1.71978
65 0.575 1.15 1.71978
65 0.575 1.65 1.71978
65 0.575 2.15 1.71978
65 0.575 2.65 1.71978
65 0.575 3.15 1.71978
65 0.575 3.65 1.71978
65 0.575 4.15 1.71978
65 0.575 4.65 1.71978
65 0.625 0.15 1.61979
65 0.625 0.65 1.61979
65 0.625 1.15 1.61979
65 0.625 1.65 1.61979
65 0.625 2.15 1.61979
65 0.625 2.65 1.61979
65 0.625 3.15 1.61979
65 0.625 3.65 1.61979
65 0.625 4.15 1.61979
65 0.625 4.65 1.61979
65 0.675 0.15 1.5998
65 0.675 0.65 1.5998
65 0.675 1.15 1.5998
65 0.675 1.65 1.5998
65 0.675 2.15 1.5998
65 0.675 2.65 1.5998
65 0.675 3.15 1.5998
65 0.675 3.65 1.5998
65 0.675 4.15 1.5998
65 0.675 4.65 1.5998
65 0.725 0.15 1.47981
65 0.725 0.65 1.47981
65 0.725 1.15 1.47981
65 0.725 1.65 1.47981
65 0.725 2.15 1.47981
65 0.725 2.65 1.47981
65 0.725 3.15 1.47981
65 0.725 3.65 1.47981
65 0.725 4.15 1.47981
65 0.725 4.65 1.47981
65 0.775 0.15 1.51981
65 0.775 0.65 1.51981
65 0.775 1.15 1.51981
65 0.775 1.65 1.51981
65 0.775 2.15 1.51981
65 0.775 2.65 1.51981
65 0.775 3.15 1.51981
65 0.775 3.65 1.51981
65 0.775 4.15 1.51981
65 0.775 4.65 1.51981
65 0.825 0.15 1.17985
65 0.825 0.65 1.17985
65 0.825 1.15 1.17985
65 0.825 1.65 1.17985
65 0.825 2.15 1.17985
65 0.825 2.65 1.17985
65 0.825 3.15 1.17985
65 0.825 3.65 1.17985
65 0.825 4.15 1.17985
65 0.825 4.65 1.17985
65 0.875 0.15 2.01974
65 0.875 0.65 2.01974
65 0.875 1.15 2.01974
65 0.875 1.65 2.01974
65 0.875 2.15 2.01974
65 0.875 2.65 2.01974
65 0.875 3.15 2.01974
65 0.875 3.65 2.01974
65 0.875 4.15 2.01974
65 0.875 4.65 2.01974
75 0.525 0.15 1.97975
75 0.525 0.65 1.97975
75 0.525 1.15 1.97975
75 0.525 1.65 1.97975
75 0.525 2.15 1.97975
75 0.525 2.65 1.97975
75 0.525 3.15 1.97975
75 0.525 3.65 1.97975
75 0.525 4.15 1.97975
75 0.525 4.65 1.97975
75 0.575 0.15 1.27984
75 0.575 0.65 1.27984
75 0.575 1.15 1.27984
75 0.575 1.65 1.27984
75 0.575 2.15 1.27984
75 0.575 2.65 1.27984
75 0.575 3.15 1.27984
75 0.575 3.65 1.27984
75 0.575 4.15 1.27984
75 0.575 4.65 1.27984
75 0.625 0.15 1.5398
75 0.625 0.65 1.5398
75 0.625 1.15 1.5398
75 0.625 1.65 1.5398
75 0.625 2.15 1.5398
75 0.625 2.65 1.5398
75 0.625 3.15 1.5398
75 0.625 3.65 1.5398
75 0.625 4.15 1.5398
75 0.625 4.65 1.5398
75 0.675 0.15 1.31983
75 0.675 0.65 1.31983
75 0.675 1.15 1.31983
75 0.675 1.65 1.31983
75 0.675 2.15 1.31983
75 0.675 2.65 1.31983
75 0.675 3.15 1.31983
75 0.675 3.65 1.31983
75 0.675 4.15 1.31983
75 0.675 4.65 1.31983
75 0.725 0.15 1.49981
75 0.725 0.65 1.49981
75 0.725 1.15 1.49981
75 0.725 1.65 1.49981
75 0.725 2.15 1.49981
75 0.725 2.65 1.49981
75 0.725 3.15 1.49981
75 0.725 3.65 1.49981
75 0.725 4.15 1.49981
75 0.725 4.65 1.49981
75 0.775 0.15 1.29984
75 0.775 0.65 1.29984
75 0.775 1.15 1.29984
75 0.775 1.65 1.29984
75 0.775 2.15 1.29984
75 0.775 2.65 1.29984
75 0.775 3.15 1.29984
75 0.775 3.65 1.29984
75 0.775 4.15 1.29984
75 0.775 4.65 1.29984
75 0.825 0.15 1.47981
75 0.825 0.65 1.47981
75 0.825 1.15 1.47981
75 0.825 1.65 1.47981
75 0.825 2.15 1.47981
75 0.825 2.65 1.47981
75 0.825 3.15 1.47981
75 0.825 3.65 1.47981
75 0.825 4.15 1.47981
75 0.825 4.65 1.47981
75 0.875 0.15 1.89976
75 0.875 0.65 1.89976
75 0.875 1.15 1.89976
75 0.875 1.65 1.89976
75 0.875 2.15 1.89976
75 0.875 2.65 1.89976
75 0.875 3.15 1.89976
75 0.875 3.65 1.89976
75 0.875 4.15 1.89976
75 0.875 4.65 1.89976
85 0.525 0.15 1.69978
85 0.525 0.65 1.69978
85 0.525 1.15 1.69978
85 0.525 1.65 1.69978
85 0.525 2.15 1.69978
85 0.525 2.65 1.69978
85 0.525 3.15 1.69978
85 0.525 3.65 1.69978
85 0.525 4.15 1.69978
85 0.525 4.65 1.69978
85 0.575 0.15 1.23984
85 0.575 0.65 1.23984
85 0.575 1.15 1.23984
85 0.575 1.65 1.23984
85 0.575 2.15 1.23984
85 0.575 2.65 1.23984
85 0.575 3.15 1.23984
85 0.575 3.65 1.23984
85 0.575 4.15 1.23984
85 0.575 4.65 1.23984
85 0.625 0.15 1.21985
85 0.625 0.65 1.21985
85 0.625 1.15 1.21985
85 0.625 1.65 1.21985
85 0.625 2.15 1.21985
85 0.625 2.65 1.21985
85 0.625 3.15 1.21985
85 0.625 3.65 1.21985
85 0.625 4.15 1.21985
85 0.625 4.65 1.21985
85 0.675 0.15 1.03987
85 0.675 0.65 1.03987
85 0.675 1.15 1.03987
85 0.675 1.65 1.03987
85 0.675 2.15 1.03987
85 0.675 2.65 1.03987
85 0.675 3.15 1.03987
85 0.675 3.65 1.03987
85 0.675 4.15 1.03987
85 0.675 4.65 1.03987
85 0.725 0.15 1.47981
85 0.725 0.65 1.47981
85 0.725 1.15 1.47981
85 0.725 1.65 1.47981
85 0.725 2.15 1.47981
85 0.725 2.65 1.47981
85 0.725 3.15 1.47981
85 0.725 3.65 1.47981
85 0.725 4.15 1.47981
85 0.725 4.65 1.47981
85 0.775 0.15 1.33983
85 0.775 0.65 1.33983
85 0.775 1.15 1.33983
85 0.775 1.65 1.33983
85 0.775 2.15 1.33983
85 0.775 2.65 1.33983
85 0.775 3.15 1.33983
85 0.775 3.65 1.33983
85 0.775 4.15 1.33983
85 0.775 4.65 1.33983
85 0.825 0.15 1.11986
85 0.825 0.65 1.11986
85 0.825 1.15 1.11986
85 0.825 1.65 1.11986
85 0.825 2.15 1.11986
85 0.825 2.65 1.11986
85 0.825 3.15 1.11986
85 0.825 3.65 1.11986
85 0.825 4.15 1.11986
85 0.825 4.65 1.11986
85 0.875 0.15 1.5998
85 0.875 0.65 1.5998
85 0.875 1.15 1.5998
85 0.875 1.65 1.5998
85 0.875 2.15 1.5998
85 0.875 2.65 1.5998
85 0.875 3.15 1.5998
85 0.875 3.65 1.5998
85 0.875 4.15 1.5998
85 0.875 4.65 1.5998
95 0.525 0.15 1.27984
95 0.525 0.65 1.27984
95 0.525 1.15 1.27984
95 0.525 1.65 1.27984
95 0.525 2.15 1.27984
95 0.525 2.65 1.27984
95 0.525 3.15 1.27984
95 0.525 3.65 1.27984
95 0.525 4.15 1.27984
95 0.525 4.65 1.27984
95 0.575 0.15 1.23984
95 0.575 0.65 1.23984
95 0.575 1.15 1.23984
95 0.575 1.65 1.23984
95 0.575 2.15 1.23984
95 0.575 2.65 1.23984
95 0.575 3.15 1.23984
95 0.575 3.65 1.23984
95 0.575 4.15 1.23984
95 0.575 4.65 1.23984
95 0.625 0.15 1.09986
95 0.625 0.65 1.09986
95 0.625 1.15 1.09986
95 0.625 1.65 1.09986
95 0.625 2.15 1.09986
95 0.625 2.65 1.09986
95 0.625 3.15 1.09986
95 0.625 3.65 1.09986
95 0.625 4.15 1.09986
95 0.625 4.65 1.09986
95 0.675 0.15 1.07986
95 0.675 0.65 1.07986
95 0.675 1.15 1.07986
95 0.675 1.65 1.07986
95 0.675 2.15 1.07986
95 0.675 2.65 1.07986
95 0.675 3.15 1.07986
95 0.675 3.65 1.07986
95 0.675 4.15 1.07986
95 0.675 4.65 1.07986
95 0.725 0.15 0.959878
95 0.725 0.65 0.959878
95 0.725 1.15 0.959878
95 0.725 1.65 0.959878
95 0.725 2.15 0.959878
95 0.725 2.65 0.959878
95 0.725 3.15 0.959878
95 0.725 3.65 0.959878
95 0.725 4.15 0.959878
95 0.725 4.65 0.959878
95 0.775 0.15 1.29984
95 0.775 0.65 1.29984
95 0.775 1.15 1.29984
95 0.775 1.65 1.29984
95 0.775 2.15 1.29984
95 0.775 2.65 1.29984
95 0.775 3.15 1.29984
95 0.775 3.65 1.29984
95 0.775 4.15 1.29984
95 0.775 4.65 1.29984
95 0.825 0.15 1.29984
95 0.825 0.65 1.29984
95 0.825 1.15 1.29984
95 0.825 1.65 1.29984
95 0.825 2.15 1.29984
95 0.825 2.65 1.29984
95 0.825 3.15 1.29984
95 0.825 3.65 1.29984
95 0.825 4.15 1.29984
95 0.825 4.65 1.29984
95 0.875 0.15 1.33983
95 0.875 0.65 1.33983
95 0.875 1.15 1.33983
95 0.875 1.65 1.33983
95 0.875 2.15 1.33983
95 0.875 2.65 1.33983
95 0.875 3.15 1.33983
95 0.875 3.65 1.33983
95 0.875 4.15 1.33983
95 0.875 4.65 1.33983
105 0.525 0.15 1.49981
105 0.525 0.65 1.49981
105 0.525 1.15 1.49981
105 0.525 1.65 1.49981
105 0.525 2.15 1.49981
105 0.525 2.65 1.49981
105 0.525 3.15 1.49981
105 0.525 3.65 1.49981
105 0.525 4.15 1.49981
105 0.525 4.65 1.49981
105 0.575 0.15 0.999873
105 0.575 0.65 0.999873
105 0.575 1.15 0.999873
105 0.575 1.65 0.999873
105 0.575 2.15 0.999873
105 0.575 2.65 0.999873
105 0.575 3.15 0.999873
105 0.575 3.65 0.999873
105 0.575 4.15 0.999873
105 0.575 4.65 0.999873
105 0.625 0.15 1.17985
105 0.625 0.65 1.17985
105 0.625 1.15 1.17985
105 0.625 1.65 1.17985
105 0.625 2.15 1.17985
105 0.625 2.65 1.17985
105 0.625 3.15 1.17985
105 0.625 3.65 1.17985
105 0.625 4.15 1.17985
105 0.625 4.65 1.17985
105 0.675 0.15 0.799898
105 0.675 0.65 0.799898
105 0.675 1.15 0.799898
105 0.675 1.65 0.799898
105 0.675 2.15 0.799898
105 0.675 2.65 0.799898
105 0.675 3.15 0.799898
105 0.675 3.65 0.799898
105 0.675 4.15 0.799898
105 0.675 4.65 0.799898
105 0.725 0.15 0.979876
105 0.725 0.65 0.979876
105 0.725 1.15 0.979876
105 0.725 1.65 0.979876
105 0.725 2.15 0.979876
105 0.725 2.65 0.979876
105 0.725 3.15 0.979876
105 0.725 3.65 0.979876
105 0.725 4.15 0.979876
105 0.725 4.65 0.979876
105 0.775 0.15 1.13986
105 0.775 0.65 1.13986
105 0.775 1.15 1.13986
105 0.775 1.65 1.13986
105 0.775 2.15 1.13986
105 0.775 2.65 1.13986
105 0.775 3.15 1.13986
105 0.775 3.65 1.13986
105 0.775 4.15 1.13986
105 0.775 4.65 1.13986
105 0.825 0.15 1.01987
105 0.825 0.65 1.01987
105 0.825 1.15 1.01987
105 0.825 1.65 1.01987
105 0.825 2.15 1.01987
105 0.825 2.65 1.01987
105 0.825 3.15 1.01987
105 0.825 3.65 1.01987
105 0.825 4.15 1.01987
105 0.825 4.65 1.01987
105 0.875 0.15 1.13986
105 0.875 0.65 1.13986
105 0.875 1.15 1.13986
105 0.875 1.65 1.13986
105 0.875 2.15 1.13986
105 0.875 2.65 1.13986
105 0.875 3.15 1.13986
105 0.875 3.65 1.13986
105 0.875 4.15 1.13986
105 0.875 4.65 1.13986
115 0.525 0.15 1.07986
115 0.525 0.65 1.07986
115 0.525 1.15 1.07986
115 0.525 1.65 1.07986
115 0.525 2.15 1.07986
115 0.525 2.65 1.07986
115 0.525 3.15 1.07986
115 0.525 3.65 1.07986
115 0.525 4.15 1.07986
115 0.525 4.65 1.07986
115 0.575 0.15 1.01987
115 0.575 0.65 1.01987
115 0.575 1.15 1.01987
115 0.575 1.65 1.01987
115 0.575 2.15 1.01987
115 0.575 2.65 1.01987
115 0.575 3.15 1.01987
115 0.575 3.65 1.01987
115 0.575 4.15 1.01987
115 0.575 4.65 1.01987
115 0.625 0.15 0.999873
115 0.625 0.65 0.999873
115 0.625 1.15 0.999873
115 0.625 1.65 0.999873
115 0.625 2.15 0.999873
115 0.625 2.65 0.999873
115 0.625 3.15 0.999873
115 0.625 3.65 0.999873
115 0.625 4.15 0.999873
115 0.625 4.65 0.999873
115 0.675 0.15 0.979876
115 0.675 0.65 0.979876
115 0.675 1.15 0.979876
115 0.675 1.65 0.979876
115 0.675 2.15 0.979876
115 0.675 2.65 0.979876
115 0.675 3.15 0.979876
115 0.675 3.65 0.979876
115 0.675 4.15 0.979876
115 0.675 4.65 0.979876
115 0.725 0.15 1.21985
115 0.725 0.65 1.21985
115 0.725 1.15 1.21985
115 0.725 1.65 1.21985
115 0.725 2.15 1.21985
115 0.725 2.65 1.21985
115 0.725 3.15 1.21985
115 0.725 3.65 1.21985
115 0.725 4.15 1.21985
115 0.725 4.65 1.21985
115 0.775 0.15 0.939881
115 0.775 0.65 0.939881
115 0.775 1.15 0.939881
115 0.775 1.65 0.939881
115 0.775 2.15 0.939881
115 0.775 2.65 0.939881
115 0.775 3.15 0.939881
115 0.775 3.65 0.939881
115 0.775 4.15 0.939881
115 0.775 4.65 0.939881
115 0.825 0.15 0.939881
115 0.825 0.65 0.939881
115 0.825 1.15 0.939881
115 0.825 1.65 0.939881
115 0.825 2.15 0.939881
115 0.825 2.65 0.939881
115 0.825 3.15 0.939881
115 0.825 3.65 0.939881
115 0.825 4.15 0.939881
115 0.825 4.65 0.939881
115 0.875 0.15 1.01987
115 0.875 0.65 1.01987
115 0.875 1.15 1.01987
115 0.875 1.65 1.01987
115 0.875 2.15 1.01987
115 0.875 2.65 1.01987
115 0.875 3.15 1.01987
115 0.875 3.65 1.01987
115 0.875 4.15 1.01987
115 0.875 4.65 1.01987
