5 0.525 0.15 0.384686
5 0.525 0.65 12.2316
5 0.525 1.15 1.66295
5 0.525 1.65 0
5 0.525 2.15 0
5 0.525 2.65 0
5 0.525 3.15 0
5 0.525 3.65 0
5 0.525 4.15 0
5 0.525 4.65 0
5 0.575 0.15 0.389348
5 0.575 0.65 12.3798
5 0.575 1.15 1.6831
5 0.575 1.65 0
5 0.575 2.15 0
5 0.575 2.65 0
5 0.575 3.15 0
5 0.575 3.65 0
5 0.575 4.15 0
5 0.575 4.65 0
5 0.625 0.15 0.457183
5 0.625 0.65 14.5367
5 0.625 1.15 1.97635
5 0.625 1.65 0
5 0.625 2.15 0
5 0.625 2.65 0
5 0.625 3.15 0
5 0.625 3.65 0
5 0.625 4.15 0
5 0.625 4.65 0
5 0.675 0.15 0.387474
5 0.675 0.65 12.3202
5 0.675 1.15 1.675
5 0.675 1.65 0
5 0.675 2.15 0
5 0.675 2.65 0
5 0.675 3.15 0
5 0.675 3.65 0
5 0.675 4.15 0
5 0.675 4.65 0
5 0.725 0.15 0.315527
5 0.725 0.65 10.0326
5 0.725 1.15 1.36399
5 0.725 1.65 0
5 0.725 2.15 0
5 0.725 2.65 0
5 0.725 3.15 0
5 0.725 3.65 0
5 0.725 4.15 0
5 0.725 4.65 0
5 0.775 0.15 0.219695
5 0.775 0.65 6.98548
5 0.775 1.15 0.949713
5 0.775 1.65 0
5 0.775 2.15 0
5 0.775 2.65 0
5 0.775 3.15 0
5 0.775 3.65 0
5 0.775 4.15 0
5 0.775 4.65 0
5 0.825 0.15 0.150424
5 0.825 0.65 4.78292
5 0.825 1.15 0.650264
5 0.825 1.65 0
5 0.825 2.15 0
5 0.825 2.65 0
5 0.825 3.15 0
5 0.825 3.65 0
5 0.825 4.15 0
5 0.825 4.65 0
5 0.875 0.15 0.0942637
5 0.875 0.65 2.99724
5 0.875 1.15 0.40749
5 0.875 1.65 0
5 0.875 2.15 0
5 0.875 2.65 0
5 0.875 3.15 0
5 0.875 3.65 0
5 0.875 4.15 0
5 0.875 4.65 0
15 0.525 0.15 0.0914774
15 0.525 0.65 2.90864
15 0.525 1.15 0.395446
15 0.525 1.65 0
15 0.525 2.15 0
15 0.525 2.65 0
15 0.525 3.15 0
15 0.525 3.65 0
15 0.525 4.15 0
15 0.525 4.65 0
15 0.575 0.15 0.16517
15 0.575 0.65 5.25179
15 0.575 1.15 0.714009
15 0.575 1.65 0
15 0.575 2.15 0
15 0.575 2.65 0
15 0.575 3.15 0
15 0.575 3.65 0
15 0.575 4.15 0
15 0.575 4.65 0
15 0.625 0.15 0.34926
15 0.625 0.65 11.1052
15 0.625 1.15 1.50981
15 0.625 1.65 0
15 0.625 2.15 0
15 0.625 2.65 0
15 0.625 3.15 0
15 0.625 3.65 0
15 0.625 4.15 0
15 0.625 4.65 0
15 0.675 0.15 0.642626
15 0.675 0.65 20.4331
15 0.675 1.15 2.77799
15 0.675 1.65 0
15 0.675 2.15 0
15 0.675 2.65 0
15 0.675 3.15 0
15 0.675 3.65 0
15 0.675 4.15 0
15 0.675 4.65 0
15 0.725 0.15 0.66268
15 0.725 0.65 21.0708
15 0.725 1.15 2.86469
15 0.725 1.65 0
15 0.725 2.15 0
15 0.725 2.65 0
15 0.725 3.15 0
15 0.725 3.65 0
15 0.725 4.15 0
15 0.725 4.65 0
15 0.775 0.15 0.417049
15 0.775 0.65 13.2606
15 0.775 1.15 1.80285
15 0.775 1.65 0
15 0.775 2.15 0
15 0.775 2.65 0
15 0.775 3.15 0
15 0.775 3.65 0
15 0.775 4.15 0
15 0.775 4.65 0
15 0.825 0.15 0.160384
15 0.825 0.65 5.09962
15 0.825 1.15 0.693321
15 0.825 1.65 0
15 0.825 2.15 0
15 0.825 2.65 0
15 0.825 3.15 0
15 0.825 3.65 0
15 0.825 4.15 0
15 0.825 4.65 0
15 0.875 0.15 0.0322271
15 0.875 0.65 1.0247
15 0.875 1.15 0.139314
15 0.875 1.65 0
15 0.875 2.15 0
15 0.875 2.65 0
15 0.875 3.15 0
15 0.875 3.65 0
15 0.875 4.15 0
15 0.875 4.65 0
25 0.525 0.15 0.0123059
25 0.525 0.65 0.391281
25 0.525 1.15 0.0531968
25 0.525 1.65 0
25 0.525 2.15 0
25 0.525 2.65 0
25 0.525 3.15 0
25 0.525 3.65 0
25 0.525 4.15 0
25 0.525 4.65 0
25 0.575 0.15 0.0296535
25 0.575 0.65 0.942873
25 0.575 1.15 0.128189
25 0.575 1.65 0
25 0.575 2.15 0
25 0.575 2.65 0
25 0.575 3.15 0
25 0.575 3.65 0
25 0.575 4.15 0
25 0.575 4.65 0
25 0.625 0.15 0.112914
25 0.625 0.65 3.59026
25 0.625 1.15 0.488115
25 0.625 1.65 0
25 0.625 2.15 0
25 0.625 2.65 0
25 0.625 3.15 0
25 0.625 3.65 0
25 0.625 4.15 0
25 0.625 4.65 0
25 0.675 0.15 0.416197
25 0.675 0.65 13.2335
25 0.675 1.15 1.79917
25 0.675 1.65 0
25 0.675 2.15 0
25 0.675 2.65 0
25 0.675 3.15 0
25 0.675 3.65 0
25 0.675 4.15 0
25 0.675 4.65 0
25 0.725 0.15 0.661739
25 0.725 0.65 21.0409
25 0.725 1.15 2.86062
25 0.725 1.65 0
25 0.725 2.15 0
25 0.725 2.65 0
25 0.725 3.15 0
25 0.725 3.65 0
25 0.725 4.15 0
25 0.725 4.65 0
25 0.775 0.15 0.471535
25 0.775 0.65 14.9931
25 0.775 1.15 2.03839
25 0.775 1.65 0
25 0.775 2.15 0
25 0.775 2.65 0
25 0.775 3.15 0
25 0.775 3.65 0
25 0.775 4.15 0
25 0.775 4.65 0
25 0.825 0.15 0.117061
25 0.825 0.65 3.72212
25 0.825 1.15 0.506042
25 0.825 1.65 0
25 0.825 2.15 0
25 0.825 2.65 0
25 0.825 3.15 0
25 0.825 3.65 0
25 0.825 4.15 0
25 0.825 4.65 0
25 0.875 0.15 0.0119205
25 0.875 0.65 0.379028
25 0.875 1.15 0.0515309
25 0.875 1.65 0
25 0.875 2.15 0
25 0.875 2.65 0
25 0.875 3.15 0
25 0.875 3.65 0
25 0.875 4.15 0
25 0.875 4.65 0
35 0.525 0.15 0.0129523
35 0.525 0.65 0.411835
35 0.525 1.15 0.0559911
35 0.525 1.65 0
35 0.525 2.15 0
35 0.525 2.65 0
35 0.525 3.15 0
35 0.525 3.65 0
35 0.525 4.15 0
35 0.525 4.65 0
35 0.575 0.15 0.0123634
35 0.575 0.65 0.39311
35 0.575 1.15 0.0534454
35 0.575 1.65 0
35 0.575 2.15 0
35 0.575 2.65 0
35 0.575 3.15 0
35 0.575 3.65 0
35 0.575 4.15 0
35 0.575 4.65 0
35 0.625 0.15 0.0447232
35 0.625 0.65 1.42203
35 0.625 1.15 0.193333
35 0.625 1.65 0
35 0.625 2.15 0
35 0.625 2.65 0
35 0.625 3.15 0
35 0.625 3.65 0
35 0.625 4.15 0
35 0.625 4.65 0
35 0.675 0.15 0.228097
35 0.675 0.65 7.25264
35 0.675 1.15 0.986035
35 0.675 1.65 0
35 0.675 2.15 0
35 0.675 2.65 0
35 0.675 3.15 0
35 0.675 3.65 0
35 0.675 4.15 0
35 0.675 4.65 0
35 0.725 0.15 0.549439
35 0.725 0.65 17.4701
35 0.725 1.15 2.37516
35 0.725 1.65 0
35 0.725 2.15 0
35 0.725 2.65 0
35 0.725 3.15 0
35 0.725 3.65 0
35 0.725 4.15 0
35 0.725 4.65 0
35 0.775 0.15 0.455405
35 0.775 0.65 14.4802
35 0.775 1.15 1.96866
35 0.775 1.65 0
35 0.775 2.15 0
35 0.775 2.65 0
35 0.775 3.15 0
35 0.775 3.65 0
35 0.775 4.15 0
35 0.775 4.65 0
35 0.825 0.15 0.0992219
35 0.825 0.65 3.15489
35 0.825 1.15 0.428924
35 0.825 1.65 0
35 0.825 2.15 0
35 0.825 2.65 0
35 0.825 3.15 0
35 0.825 3.65 0
35 0.825 4.15 0
35 0.825 4.65 0
35 0.875 0.15 0.00336535
35 0.875 0.65 0.107006
35 0.875 1.15 0.014548
35 0.875 1.65 0
35 0.875 2.15 0
35 0.875 2.65 0
35 0.875 3.15 0
35 0.875 3.65 0
35 0.875 4.15 0
35 0.875 4.65 0
45 0.525 0.15 0.00866717
45 0.525 0.65 0.275584
45 0.525 1.15 0.0374671
45 0.525 1.65 0
45 0.525 2.15 0
45 0.525 2.65 0
45 0.525 3.15 0
45 0.525 3.65 0
45 0.525 4.15 0
45 0.525 4.65 0
45 0.575 0.15 0.0101795
45 0.575 0.65 0.323671
45 0.575 1.15 0.0440049
45 0.575 1.65 0
45 0.575 2.15 0
45 0.575 2.65 0
45 0.575 3.15 0
45 0.575 3.65 0
45 0.575 4.15 0
45 0.575 4.65 0
45 0.625 0.15 0.024495
45 0.625 0.65 0.77885
45 0.625 1.15 0.105889
45 0.625 1.65 0
45 0.625 2.15 0
45 0.625 2.65 0
45 0.625 3.15 0
45 0.625 3.65 0
45 0.625 4.15 0
45 0.625 4.65 0
45 0.675 0.15 0.105281
45 0.675 0.65 3.34754
45 0.675 1.15 0.455116
45 0.675 1.65 0
45 0.675 2.15 0
45 0.675 2.65 0
45 0.675 3.15 0
45 0.675 3.65 0
45 0.675 4.15 0
45 0.675 4.65 0
45 0.725 0.15 0.357138
45 0.725 0.65 11.3557
45 0.725 1.15 1.54386
45 0.725 1.65 0
45 0.725 2.15 0
45 0.725 2.65 0
45 0.725 3.15 0
45 0.725 3.65 0
45 0.725 4.15 0
45 0.725 4.65 0
45 0.775 0.15 0.443671
45 0.775 0.65 14.1071
45 0.775 1.15 1.91794
45 0.775 1.65 0
45 0.775 2.15 0
45 0.775 2.65 0
45 0.775 3.15 0
45 0.775 3.65 0
45 0.775 4.15 0
45 0.775 4.65 0
45 0.825 0.15 0.0989555
45 0.825 0.65 3.14642
45 0.825 1.15 0.427772
45 0.825 1.65 0
45 0.825 2.15 0
45 0.825 2.65 0
45 0.825 3.15 0
45 0.825 3.65 0
45 0.825 4.15 0
45 0.825 4.65 0
45 0.875 0.15 0.00301811
45 0.875 0.65 0.0959649
45 0.875 1.15 0.0130469
45 0.875 1.65 0
45 0.875 2.15 0
45 0.875 2.65 0
45 0.875 3.15 0
45 0.875 3.65 0
45 0.875 4.15 0
45 0.875 4.65 0
55 0.525 0.15 0.0109702
55 0.525 0.65 0.348812
55 0.525 1.15 0.0474229
55 0.525 1.65 0
55 0.525 2.15 0
55 0.525 2.65 0
55 0.525 3.15 0
55 0.525 3.65 0
55 0.525 4.15 0
55 0.525 4.65 0
55 0.575 0.15 0.010596
55 0.575 0.65 0.336912
55 0.575 1.15 0.045805
55 0.575 1.65 0
55 0.575 2.15 0
55 0.575 2.65 0
55 0.575 3.15 0
55 0.575 3.65 0
55 0.575 4.15 0
55 0.575 4.65 0
55 0.625 0.15 0.0132482
55 0.625 0.65 0.421243
55 0.625 1.15 0.0572703
55 0.625 1.65 0
55 0.625 2.15 0
55 0.625 2.65 0
55 0.625 3.15 0
55 0.625 3.65 0
55 0.625 4.15 0
55 0.625 4.65 0
55 0.675 0.15 0.0820903
55 0.675 0.65 2.61017
55 0.675 1.15 0.354866
55 0.675 1.65 0
55 0.675 2.15 0
55 0.675 2.65 0
55 0.675 3.15 0
55 0.675 3.65 0
55 0.675 4.15 0
55 0.675 4.65 0
55 0.725 0.15 0.297255
55 0.725 0.65 9.45162
55 0.725 1.15 1.285
55 0.725 1.65 0
55 0.725 2.15 0
55 0.725 2.65 0
55 0.725 3.15 0
55 0.725 3.65 0
55 0.725 4.15 0
55 0.725 4.65 0
55 0.775 0.15 0.370649
55 0.775 0.65 11.7853
55 0.775 1.15 1.60227
55 0.775 1.65 0
55 0.775 2.15 0
55 0.775 2.65 0
55 0.775 3.15 0
55 0.775 3.65 0
55 0.775 4.15 0
55 0.775 4.65 0
55 0.825 0.15 0.0907037
55 0.825 0.65 2.88404
55 0.825 1.15 0.392101
55 0.825 1.65 0
55 0.825 2.15 0
55 0.825 2.65 0
55 0.825 3.15 0
55 0.825 3.65 0
55 0.825 4.15 0
55 0.825 4.65 0
55 0.875 0.15 0.00150878
55 0.875 0.65 0.0479736
55 0.875 1.15 0.00652226
55 0.875 1.65 0
55 0.875 2.15 0
55 0.875 2.65 0
55 0.875 3.15 0
55 0.875 3.65 0
55 0.875 4.15 0
55 0.875 4.65 0
65 0.525 0.15 0.00605997
65 0.525 0.65 0.192685
65 0.525 1.15 0.0261965
65 0.525 1.65 0
65 0.525 2.15 0
65 0.525 2.65 0
65 0.525 3.15 0
65 0.525 3.65 0
65 0.525 4.15 0
65 0.525 4.65 0
65 0.575 0.15 0.00605961
65 0.575 0.65 0.192673
65 0.575 1.15 0.026195
65 0.575 1.65 0
65 0.575 2.15 0
65 0.575 2.65 0
65 0.575 3.15 0
65 0.575 3.65 0
65 0.575 4.15 0
65 0.575 4.65 0
65 0.625 0.15 0.0136319
65 0.625 0.65 0.433445
65 0.625 1.15 0.0589291
65 0.625 1.65 0
65 0.625 2.15 0
65 0.625 2.65 0
65 0.625 3.15 0
65 0.625 3.65 0
65 0.625 4.15 0
65 0.625 4.65 0
65 0.675 0.15 0.0636371
65 0.675 0.65 2.02343
65 0.675 1.15 0.275095
65 0.675 1.65 0
65 0.675 2.15 0
65 0.675 2.65 0
65 0.675 3.15 0
65 0.675 3.65 0
65 0.675 4.15 0
65 0.675 4.65 0
65 0.725 0.15 0.29096
65 0.725 0.65 9.25146
65 0.725 1.15 1.25779
65 0.725 1.65 0
65 0.725 2.15 0
65 0.725 2.65 0
65 0.725 3.15 0
65 0.725 3.65 0
65 0.725 4.15 0
65 0.725 4.65 0
65 0.775 0.15 0.372876
65 0.775 0.65 11.8561
65 0.775 1.15 1.6119
65 0.775 1.65 0
65 0.775 2.15 0
65 0.775 2.65 0
65 0.775 3.15 0
65 0.775 3.65 0
65 0.775 4.15 0
65 0.775 4.65 0
65 0.825 0.15 0.0859659
65 0.825 0.65 2.7334
65 0.825 1.15 0.37162
65 0.825 1.65 0
65 0.825 2.15 0
65 0.825 2.65 0
65 0.825 3.15 0
65 0.825 3.65 0
65 0.825 4.15 0
65 0.825 4.65 0
65 0.875 0.15 0.00113607
65 0.875 0.65 0.0361229
65 0.875 1.15 0.0049111
65 0.875 1.65 0
65 0.875 2.15 0
65 0.875 2.65 0
65 0.875 3.15 0
65 0.875 3.65 0
65 0.875 4.15 0
65 0.875 4.65 0
75 0.525 0.15 0.0102086
75 0.525 0.65 0.324595
75 0.525 1.15 0.0441304
75 0.525 1.65 0
75 0.525 2.15 0
75 0.525 2.65 0
75 0.525 3.15 0
75 0.525 3.65 0
75 0.525 4.15 0
75 0.525 4.65 0
75 0.575 0.15 0.00643509
75 0.575 0.65 0.204612
75 0.575 1.15 0.0278181
75 0.575 1.65 0
75 0.575 2.15 0
75 0.575 2.65 0
75 0.575 3.15 0
75 0.575 3.65 0
75 0.575 4.15 0
75 0.575 4.65 0
75 0.625 0.15 0.00945736
75 0.625 0.65 0.300709
75 0.625 1.15 0.040883
75 0.625 1.65 0
75 0.625 2.15 0
75 0.625 2.65 0
75 0.625 3.15 0
75 0.625 3.65 0
75 0.625 4.15 0
75 0.625 4.65 0
75 0.675 0.15 0.0489633
75 0.675 0.65 1.55685
75 0.675 1.15 0.211662
75 0.675 1.65 0
75 0.675 2.15 0
75 0.675 2.65 0
75 0.675 3.15 0
75 0.675 3.65 0
75 0.675 4.15 0
75 0.675 4.65 0
75 0.725 0.15 0.234456
75 0.725 0.65 7.45484
75 0.725 1.15 1.01352
75 0.725 1.65 0
75 0.725 2.15 0
75 0.725 2.65 0
75 0.725 3.15 0
75 0.725 3.65 0
75 0.725 4.15 0
75 0.725 4.65 0
75 0.775 0.15 0.29917
75 0.775 0.65 9.51251
75 0.775 1.15 1.29328
75 0.775 1.65 0
75 0.775 2.15 0
75 0.775 2.65 0
75 0.775 3.15 0
75 0.775 3.65 0
75 0.775 4.15 0
75 0.775 4.65 0
75 0.825 0.15 0.0598103
75 0.825 0.65 1.90175
75 0.825 1.15 0.258553
75 0.825 1.65 0
75 0.825 2.15 0
75 0.825 2.65 0
75 0.825 3.15 0
75 0.825 3.65 0
75 0.825 4.15 0
75 0.825 4.65 0
75 0.875 0.15 0.00113474
75 0.875 0.65 0.0360805
75 0.875 1.15 0.00490534
75 0.875 1.65 0
75 0.875 2.15 0
75 0.875 2.65 0
75 0.875 3.15 0
75 0.875 3.65 0
75 0.875 4.15 0
75 0.875 4.65 0
85 0.525 0.15 0.00680284
85 0.525 0.65 0.216305
85 0.525 1.15 0.0294079
85 0.525 1.65 0
85 0.525 2.15 0
85 0.525 2.65 0
85 0.525 3.15 0
85 0.525 3.65 0
85 0.525 4.15 0
85 0.525 4.65 0
85 0.575 0.15 0.00944968
85 0.575 0.65 0.300465
85 0.575 1.15 0.0408498
85 0.575 1.65 0
85 0.575 2.15 0
85 0.575 2.65 0
85 0.575 3.15 0
85 0.575 3.65 0
85 0.575 4.15 0
85 0.575 4.65 0
85 0.625 0.15 0.0135985
85 0.625 0.65 0.432383
85 0.625 1.15 0.0587847
85 0.625 1.65 0
85 0.625 2.15 0
85 0.625 2.65 0
85 0.625 3.15 0
85 0.625 3.65 0
85 0.625 4.15 0
85 0.625 4.65 0
85 0.675 0.15 0.0406213
85 0.675 0.65 1.29161
85 0.675 1.15 0.175601
85 0.675 1.65 0
85 0.675 2.15 0
85 0.675 2.65 0
85 0.675 3.15 0
85 0.675 3.65 0
85 0.675 4.15 0
85 0.675 4.65 0
85 0.725 0.15 0.192425
85 0.725 0.65 6.1184
85 0.725 1.15 0.831829
85 0.725 1.65 0
85 0.725 2.15 0
85 0.725 2.65 0
85 0.725 3.15 0
85 0.725 3.65 0
85 0.725 4.15 0
85 0.725 4.65 0
85 0.775 0.15 0.241333
85 0.775 0.65 7.67351
85 0.775 1.15 1.04325
85 0.775 1.65 0
85 0.775 2.15 0
85 0.775 2.65 0
85 0.775 3.15 0
85 0.775 3.65 0
85 0.775 4.15 0
85 0.775 4.65 0
85 0.825 0.15 0.0355293
85 0.825 0.65 1.1297
85 0.825 1.15 0.153589
85 0.825 1.65 0
85 0.825 2.15 0
85 0.825 2.65 0
85 0.825 3.15 0
85 0.825 3.65 0
85 0.825 4.15 0
85 0.825 4.65 0
85 0.875 0.15 0
85 0.875 0.65 0
85 0.875 1.15 0
85 0.875 1.65 0
85 0.875 2.15 0
85 0.875 2.65 0
85 0.875 3.15 0
85 0.875 3.65 0
85 0.875 4.15 0
85 0.875 4.65 0
95 0.525 0.15 0.00829061
95 0.525 0.65 0.263611
95 0.525 1.15 0.0358393
95 0.525 1.65 0
95 0.525 2.15 0
95 0.525 2.65 0
95 0.525 3.15 0
95 0.525 3.65 0
95 0.525 4.15 0
95 0.525 4.65 0
95 0.575 0.15 0.0105448
95 0.575 0.65 0.335287
95 0.575 1.15 0.0455841
95 0.575 1.65 0
95 0.575 2.15 0
95 0.575 2.65 0
95 0.575 3.15 0
95 0.575 3.65 0
95 0.575 4.15 0
95 0.575 4.65 0
95 0.625 0.15 0.00942109
95 0.625 0.65 0.299556
95 0.625 1.15 0.0407262
95 0.625 1.65 0
95 0.625 2.15 0
95 0.625 2.65 0
95 0.625 3.15 0
95 0.625 3.65 0
95 0.625 4.15 0
95 0.625 4.65 0
95 0.675 0.15 0.0329481
95 0.675 0.65 1.04763
95 0.675 1.15 0.142431
95 0.675 1.65 0
95 0.675 2.15 0
95 0.675 2.65 0
95 0.675 3.15 0
95 0.675 3.65 0
95 0.675 4.15 0
95 0.675 4.65 0
95 0.725 0.15 0.146537
95 0.725 0.65 4.65932
95 0.725 1.15 0.63346
95 0.725 1.65 0
95 0.725 2.15 0
95 0.725 2.65 0
95 0.725 3.15 0
95 0.725 3.65 0
95 0.725 4.15 0
95 0.725 4.65 0
95 0.775 0.15 0.228059
95 0.775 0.65 7.25144
95 0.775 1.15 0.985871
95 0.775 1.65 0
95 0.775 2.15 0
95 0.775 2.65 0
95 0.775 3.15 0
95 0.775 3.65 0
95 0.775 4.15 0
95 0.775 4.65 0
95 0.825 0.15 0.0256629
95 0.825 0.65 0.815985
95 0.825 1.15 0.110937
95 0.825 1.65 0
95 0.825 2.15 0
95 0.825 2.65 0
95 0.825 3.15 0
95 0.825 3.65 0
95 0.825 4.15 0
95 0.825 4.65 0
95 0.875 0.15 0
95 0.875 0.65 0
95 0.875 1.15 0
95 0.875 1.65 0
95 0.875 2.15 0
95 0.875 2.65 0
95 0.875 3.15 0
95 0.875 3.65 0
95 0.875 4.15 0
95 0.875 4.65 0
105 0.525 0.15 0.017297
105 0.525 0.65 0.54998
105 0.525 1.15 0.0747726
105 0.525 1.65 0
105 0.525 2.15 0
105 0.525 2.65 0
105 0.525 3.15 0
105 0.525 3.65 0
105 0.525 4.15 0
105 0.525 4.65 0
105 0.575 0.15 0.00754639
105 0.575 0.65 0.239948
105 0.575 1.15 0.0326221
105 0.575 1.65 0
105 0.575 2.15 0
105 0.575 2.65 0
105 0.575 3.15 0
105 0.575 3.65 0
105 0.575 4.15 0
105 0.575 4.65 0
105 0.625 0.15 0.00904745
105 0.625 0.65 0.287676
105 0.625 1.15 0.039111
105 0.625 1.65 0
105 0.625 2.15 0
105 0.625 2.65 0
105 0.625 3.15 0
105 0.625 3.65 0
105 0.625 4.15 0
105 0.625 4.65 0
105 0.675 0.15 0.0324531
105 0.675 0.65 1.03189
105 0.675 1.15 0.140291
105 0.675 1.65 0
105 0.675 2.15 0
105 0.675 2.65 0
105 0.675 3.15 0
105 0.675 3.65 0
105 0.675 4.15 0
105 0.675 4.65 0
105 0.725 0.15 0.145758
105 0.725 0.65 4.63458
105 0.725 1.15 0.630095
105 0.725 1.65 0
105 0.725 2.15 0
105 0.725 2.65 0
105 0.725 3.15 0
105 0.725 3.65 0
105 0.725 4.15 0
105 0.725 4.65 0
105 0.775 0.15 0.172099
105 0.775 0.65 5.47211
105 0.775 1.15 0.743962
105 0.775 1.65 0
105 0.775 2.15 0
105 0.775 2.65 0
105 0.775 3.15 0
105 0.775 3.65 0
105 0.775 4.15 0
105 0.775 4.65 0
105 0.825 0.15 0.0151032
105 0.825 0.65 0.480226
105 0.825 1.15 0.0652893
105 0.825 1.65 0
105 0.825 2.15 0
105 0.825 2.65 0
105 0.825 3.15 0
105 0.825 3.65 0
105 0.825 4.15 0
105 0.825 4.65 0
105 0.875 0.15 0
105 0.875 0.65 0
105 0.875 1.15 0
105 0.875 1.65 0
105 0.875 2.15 0
105 0.875 2.65 0
105 0.875 3.15 0
105 0.875 3.65 0
105 0.875 4.15 0
105 0.875 4.65 0
115 0.525 0.15 0.00868994
115 0.525 0.65 0.276308
115 0.525 1.15 0.0375656
115 0.525 1.65 0
115 0.525 2.15 0
115 0.525 2.65 0
115 0.525 3.15 0
115 0.525 3.65 0
115 0.525 4.15 0
115 0.525 4.65 0
115 0.575 0.15 0.01741
115 0.575 0.65 0.553572
115 0.575 1.15 0.0752611
115 0.575 1.65 0
115 0.575 2.15 0
115 0.575 2.65 0
115 0.575 3.15 0
115 0.575 3.65 0
115 0.575 4.15 0
115 0.575 4.65 0
115 0.625 0.15 0.00490906
115 0.625 0.65 0.15609
115 0.625 1.15 0.0212213
115 0.625 1.65 0
115 0.625 2.15 0
115 0.625 2.65 0
115 0.625 3.15 0
115 0.625 3.65 0
115 0.625 4.15 0
115 0.625 4.65 0
115 0.675 0.15 0.0313623
115 0.675 0.65 0.997205
115 0.675 1.15 0.135575
115 0.675 1.65 0
115 0.675 2.15 0
115 0.675 2.65 0
115 0.675 3.15 0
115 0.675 3.65 0
115 0.675 4.15 0
115 0.675 4.65 0
115 0.725 0.15 0.156201
115 0.725 0.65 4.9666
115 0.725 1.15 0.675236
115 0.725 1.65 0
115 0.725 2.15 0
115 0.725 2.65 0
115 0.725 3.15 0
115 0.725 3.65 0
115 0.725 4.15 0
115 0.725 4.65 0
115 0.775 0.15 0.164003
115 0.775 0.65 5.21471
115 0.775 1.15 0.708967
115 0.775 1.65 0
115 0.775 2.15 0
115 0.775 2.65 0
115 0.775 3.15 0
115 0.775 3.65 0
115 0.775 4.15 0
115 0.775 4.65 0
115 0.825 0.15 0.00944131
115 0.825 0.65 0.300199
115 0.825 1.15 0.0408136
115 0.825 1.65 0
115 0.825 2.15 0
115 0.825 2.65 0
115 0.825 3.15 0
115 0.825 3.65 0
115 0.825 4.15 0
115 0.825 4.65 0
115 0.875 0.15 0
115 0.875 0.65 0
115 0.875 1.15 0
115 0.875 1.65 0
115 0.875 2.15 0
115 0.875 2.65 0
115 0.875 3.15 0
115 0.875 3.65 0
115 0.875 4.15 0
115 0.875 4.65 0
