5 0.525 0.15 2.90677
5 0.525 0.65 9.48758
5 0.525 1.15 1.88513
5 0.525 1.65 0
5 0.525 2.15 0
5 0.525 2.65 0
5 0.525 3.15 0
5 0.525 3.65 0
5 0.525 4.15 0
5 0.525 4.65 0
5 0.575 0.15 2.94202
5 0.575 0.65 9.60266
5 0.575 1.15 1.908
5 0.575 1.65 0
5 0.575 2.15 0
5 0.575 2.65 0
5 0.575 3.15 0
5 0.575 3.65 0
5 0.575 4.15 0
5 0.575 4.65 0
5 0.625 0.15 3.45508
5 0.625 0.65 11.2773
5 0.625 1.15 2.24073
5 0.625 1.65 0
5 0.625 2.15 0
5 0.625 2.65 0
5 0.625 3.15 0
5 0.625 3.65 0
5 0.625 4.15 0
5 0.625 4.65 0
5 0.675 0.15 2.92504
5 0.675 0.65 9.54723
5 0.675 1.15 1.89698
5 0.675 1.65 0
5 0.675 2.15 0
5 0.675 2.65 0
5 0.675 3.15 0
5 0.675 3.65 0
5 0.675 4.15 0
5 0.675 4.65 0
5 0.725 0.15 2.38368
5 0.725 0.65 7.78026
5 0.725 1.15 1.54589
5 0.725 1.65 0
5 0.725 2.15 0
5 0.725 2.65 0
5 0.725 3.15 0
5 0.725 3.65 0
5 0.725 4.15 0
5 0.725 4.65 0
5 0.775 0.15 1.65605
5 0.775 0.65 5.40529
5 0.775 1.15 1.074
5 0.775 1.65 0
5 0.775 2.15 0
5 0.775 2.65 0
5 0.775 3.15 0
5 0.775 3.65 0
5 0.775 4.15 0
5 0.775 4.65 0
5 0.825 0.15 1.13203
5 0.825 0.65 3.6949
5 0.825 1.15 0.734156
5 0.825 1.65 0
5 0.825 2.15 0
5 0.825 2.65 0
5 0.825 3.15 0
5 0.825 3.65 0
5 0.825 4.15 0
5 0.825 4.65 0
5 0.875 0.15 0.710148
5 0.875 0.65 2.3179
5 0.875 1.15 0.460553
5 0.875 1.65 0
5 0.875 2.15 0
5 0.875 2.65 0
5 0.875 3.15 0
5 0.875 3.65 0
5 0.875 4.15 0
5 0.875 4.65 0
15 0.525 0.15 0.691886
15 0.525 0.65 2.25829
15 0.525 1.15 0.44871
15 0.525 1.65 0
15 0.525 2.15 0
15 0.525 2.65 0
15 0.525 3.15 0
15 0.525 3.65 0
15 0.525 4.15 0
15 0.525 4.65 0
15 0.575 0.15 1.24926
15 0.575 0.65 4.07753
15 0.575 1.15 0.810183
15 0.575 1.65 0
15 0.575 2.15 0
15 0.575 2.65 0
15 0.575 3.15 0
15 0.575 3.65 0
15 0.575 4.15 0
15 0.575 4.65 0
15 0.625 0.15 2.64162
15 0.625 0.65 8.62214
15 0.625 1.15 1.71317
15 0.625 1.65 0
15 0.625 2.15 0
15 0.625 2.65 0
15 0.625 3.15 0
15 0.625 3.65 0
15 0.625 4.15 0
15 0.625 4.65 0
15 0.675 0.15 4.85767
15 0.675 0.65 15.8553
15 0.675 1.15 3.15035
15 0.675 1.65 0
15 0.675 2.15 0
15 0.675 2.65 0
15 0.675 3.15 0
15 0.675 3.65 0
15 0.675 4.15 0
15 0.675 4.65 0
15 0.725 0.15 5.00376
15 0.725 0.65 16.3321
15 0.725 1.15 3.24509
15 0.725 1.65 0
15 0.725 2.15 0
15 0.725 2.65 0
15 0.725 3.15 0
15 0.725 3.65 0
15 0.725 4.15 0
15 0.725 4.65 0
15 0.775 0.15 3.14313
15 0.775 0.65 10.2591
15 0.775 1.15 2.03842
15 0.775 1.65 0
15 0.775 2.15 0
15 0.775 2.65 0
15 0.775 3.15 0
15 0.775 3.65 0
15 0.775 4.15 0
15 0.775 4.65 0
15 0.825 0.15 1.21306
15 0.825 0.65 3.95938
15 0.825 1.15 0.786707
15 0.825 1.65 0
15 0.825 2.15 0
15 0.825 2.65 0
15 0.825 3.15 0
15 0.825 3.65 0
15 0.825 4.15 0
15 0.825 4.65 0
15 0.875 0.15 0.243748
15 0.875 0.65 0.795586
15 0.875 1.15 0.158079
15 0.875 1.65 0
15 0.875 2.15 0
15 0.875 2.65 0
15 0.875 3.15 0
15 0.875 3.65 0
15 0.875 4.15 0
15 0.875 4.65 0
25 0.525 0.15 0.093075
25 0.525 0.65 0.303794
25 0.525 1.15 0.0603621
25 0.525 1.65 0
25 0.525 2.15 0
25 0.525 2.65 0
25 0.525 3.15 0
25 0.525 3.65 0
25 0.525 4.15 0
25 0.525 4.65 0
25 0.575 0.15 0.224283
25 0.575 0.65 0.732053
25 0.575 1.15 0.145455
25 0.575 1.65 0
25 0.575 2.15 0
25 0.575 2.65 0
25 0.575 3.15 0
25 0.575 3.65 0
25 0.575 4.15 0
25 0.575 4.65 0
25 0.625 0.15 0.854023
25 0.625 0.65 2.7875
25 0.625 1.15 0.553861
25 0.625 1.65 0
25 0.625 2.15 0
25 0.625 2.65 0
25 0.625 3.15 0
25 0.625 3.65 0
25 0.625 4.15 0
25 0.625 4.65 0
25 0.675 0.15 3.14506
25 0.675 0.65 10.2654
25 0.675 1.15 2.03967
25 0.675 1.65 0
25 0.675 2.15 0
25 0.675 2.65 0
25 0.675 3.15 0
25 0.675 3.65 0
25 0.675 4.15 0
25 0.675 4.65 0
25 0.725 0.15 5.0022
25 0.725 0.65 16.327
25 0.725 1.15 3.24408
25 0.725 1.65 0
25 0.725 2.15 0
25 0.725 2.65 0
25 0.725 3.15 0
25 0.725 3.65 0
25 0.725 4.15 0
25 0.725 4.65 0
25 0.775 0.15 3.56644
25 0.775 0.65 11.6407
25 0.775 1.15 2.31295
25 0.775 1.65 0
25 0.775 2.15 0
25 0.775 2.65 0
25 0.775 3.15 0
25 0.775 3.65 0
25 0.775 4.15 0
25 0.775 4.65 0
25 0.825 0.15 0.88539
25 0.825 0.65 2.88988
25 0.825 1.15 0.574203
25 0.825 1.65 0
25 0.825 2.15 0
25 0.825 2.65 0
25 0.825 3.15 0
25 0.825 3.65 0
25 0.825 4.15 0
25 0.825 4.65 0
25 0.875 0.15 0.0901603
25 0.875 0.65 0.29428
25 0.875 1.15 0.0584718
25 0.875 1.65 0
25 0.875 2.15 0
25 0.875 2.65 0
25 0.875 3.15 0
25 0.875 3.65 0
25 0.875 4.15 0
25 0.875 4.65 0
35 0.525 0.15 0.0979641
35 0.525 0.65 0.319752
35 0.525 1.15 0.0635329
35 0.525 1.65 0
35 0.525 2.15 0
35 0.525 2.65 0
35 0.525 3.15 0
35 0.525 3.65 0
35 0.525 4.15 0
35 0.525 4.65 0
35 0.575 0.15 0.09351
35 0.575 0.65 0.305213
35 0.575 1.15 0.0606442
35 0.575 1.65 0
35 0.575 2.15 0
35 0.575 2.65 0
35 0.575 3.15 0
35 0.575 3.65 0
35 0.575 4.15 0
35 0.575 4.65 0
35 0.625 0.15 0.338262
35 0.625 0.65 1.10408
35 0.625 1.15 0.219374
35 0.625 1.65 0
35 0.625 2.15 0
35 0.625 2.65 0
35 0.625 3.15 0
35 0.625 3.65 0
35 0.625 4.15 0
35 0.625 4.65 0
35 0.675 0.15 1.72237
35 0.675 0.65 5.62174
35 0.675 1.15 1.11701
35 0.675 1.65 0
35 0.675 2.15 0
35 0.675 2.65 0
35 0.675 3.15 0
35 0.675 3.65 0
35 0.675 4.15 0
35 0.675 4.65 0
35 0.725 0.15 4.15567
35 0.725 0.65 13.564
35 0.725 1.15 2.69508
35 0.725 1.65 0
35 0.725 2.15 0
35 0.725 2.65 0
35 0.725 3.15 0
35 0.725 3.65 0
35 0.725 4.15 0
35 0.725 4.65 0
35 0.775 0.15 3.44163
35 0.775 0.65 11.2334
35 0.775 1.15 2.23201
35 0.775 1.65 0
35 0.775 2.15 0
35 0.775 2.65 0
35 0.775 3.15 0
35 0.775 3.65 0
35 0.775 4.15 0
35 0.775 4.65 0
35 0.825 0.15 0.750462
35 0.825 0.65 2.44948
35 0.825 1.15 0.486698
35 0.825 1.65 0
35 0.825 2.15 0
35 0.825 2.65 0
35 0.825 3.15 0
35 0.825 3.65 0
35 0.825 4.15 0
35 0.825 4.65 0
35 0.875 0.15 0.0254537
35 0.875 0.65 0.08308
35 0.875 1.15 0.0165075
35 0.875 1.65 0
35 0.875 2.15 0
35 0.875 2.65 0
35 0.875 3.15 0
35 0.875 3.65 0
35 0.875 4.15 0
35 0.875 4.65 0
45 0.525 0.15 0.0655538
45 0.525 0.65 0.213965
45 0.525 1.15 0.0425137
45 0.525 1.65 0
45 0.525 2.15 0
45 0.525 2.65 0
45 0.525 3.15 0
45 0.525 3.65 0
45 0.525 4.15 0
45 0.525 4.65 0
45 0.575 0.15 0.0769925
45 0.575 0.65 0.251301
45 0.575 1.15 0.0499321
45 0.575 1.65 0
45 0.575 2.15 0
45 0.575 2.65 0
45 0.575 3.15 0
45 0.575 3.65 0
45 0.575 4.15 0
45 0.575 4.65 0
45 0.625 0.15 0.182414
45 0.625 0.65 0.595394
45 0.625 1.15 0.118302
45 0.625 1.65 0
45 0.625 2.15 0
45 0.625 2.65 0
45 0.625 3.15 0
45 0.625 3.65 0
45 0.625 4.15 0
45 0.625 4.65 0
45 0.675 0.15 0.796288
45 0.675 0.65 2.59906
45 0.675 1.15 0.516418
45 0.675 1.65 0
45 0.675 2.15 0
45 0.675 2.65 0
45 0.675 3.15 0
45 0.675 3.65 0
45 0.675 4.15 0
45 0.675 4.65 0
45 0.725 0.15 2.69834
45 0.725 0.65 8.80728
45 0.725 1.15 1.74996
45 0.725 1.65 0
45 0.725 2.15 0
45 0.725 2.65 0
45 0.725 3.15 0
45 0.725 3.65 0
45 0.725 4.15 0
45 0.725 4.65 0
45 0.775 0.15 3.35569
45 0.775 0.65 10.9529
45 0.775 1.15 2.17627
45 0.775 1.65 0
45 0.775 2.15 0
45 0.775 2.65 0
45 0.775 3.15 0
45 0.775 3.65 0
45 0.775 4.15 0
45 0.775 4.65 0
45 0.825 0.15 0.748446
45 0.825 0.65 2.4429
45 0.825 1.15 0.485391
45 0.825 1.65 0
45 0.825 2.15 0
45 0.825 2.65 0
45 0.825 3.15 0
45 0.825 3.65 0
45 0.825 4.15 0
45 0.825 4.65 0
45 0.875 0.15 0.0228274
45 0.875 0.65 0.0745078
45 0.875 1.15 0.0148043
45 0.875 1.65 0
45 0.875 2.15 0
45 0.875 2.65 0
45 0.875 3.15 0
45 0.875 3.65 0
45 0.875 4.15 0
45 0.875 4.65 0
55 0.525 0.15 0.0829728
55 0.525 0.65 0.27082
55 0.525 1.15 0.0538105
55 0.525 1.65 0
55 0.525 2.15 0
55 0.525 2.65 0
55 0.525 3.15 0
55 0.525 3.65 0
55 0.525 4.15 0
55 0.525 4.65 0
55 0.575 0.15 0.0801422
55 0.575 0.65 0.261581
55 0.575 1.15 0.0519747
55 0.575 1.65 0
55 0.575 2.15 0
55 0.575 2.65 0
55 0.575 3.15 0
55 0.575 3.65 0
55 0.575 4.15 0
55 0.575 4.65 0
55 0.625 0.15 0.100202
55 0.625 0.65 0.327056
55 0.625 1.15 0.0649843
55 0.625 1.65 0
55 0.625 2.15 0
55 0.625 2.65 0
55 0.625 3.15 0
55 0.625 3.65 0
55 0.625 4.15 0
55 0.625 4.65 0
55 0.675 0.15 0.618023
55 0.675 0.65 2.0172
55 0.675 1.15 0.400807
55 0.675 1.65 0
55 0.675 2.15 0
55 0.675 2.65 0
55 0.675 3.15 0
55 0.675 3.65 0
55 0.675 4.15 0
55 0.675 4.65 0
55 0.725 0.15 2.24543
55 0.725 0.65 7.32902
55 0.725 1.15 1.45623
55 0.725 1.65 0
55 0.725 2.15 0
55 0.725 2.65 0
55 0.725 3.15 0
55 0.725 3.65 0
55 0.725 4.15 0
55 0.725 4.65 0
55 0.775 0.15 2.80054
55 0.775 0.65 9.14085
55 0.775 1.15 1.81624
55 0.775 1.65 0
55 0.775 2.15 0
55 0.775 2.65 0
55 0.775 3.15 0
55 0.775 3.65 0
55 0.775 4.15 0
55 0.775 4.65 0
55 0.825 0.15 0.683166
55 0.825 0.65 2.22983
55 0.825 1.15 0.443055
55 0.825 1.65 0
55 0.825 2.15 0
55 0.825 2.65 0
55 0.825 3.15 0
55 0.825 3.65 0
55 0.825 4.15 0
55 0.825 4.65 0
55 0.875 0.15 0.0114116
55 0.875 0.65 0.037247
55 0.875 1.15 0.00740077
55 0.875 1.65 0
55 0.875 2.15 0
55 0.875 2.65 0
55 0.875 3.15 0
55 0.875 3.65 0
55 0.875 4.15 0
55 0.875 4.65 0
65 0.525 0.15 0.0458344
65 0.525 0.65 0.149602
65 0.525 1.15 0.0297251
65 0.525 1.65 0
65 0.525 2.15 0
65 0.525 2.65 0
65 0.525 3.15 0
65 0.525 3.65 0
65 0.525 4.15 0
65 0.525 4.65 0
65 0.575 0.15 0.0458317
65 0.575 0.65 0.149593
65 0.575 1.15 0.0297233
65 0.575 1.65 0
65 0.575 2.15 0
65 0.575 2.65 0
65 0.575 3.15 0
65 0.575 3.65 0
65 0.575 4.15 0
65 0.575 4.65 0
65 0.625 0.15 0.103105
65 0.625 0.65 0.336529
65 0.625 1.15 0.0668666
65 0.625 1.65 0
65 0.625 2.15 0
65 0.625 2.65 0
65 0.625 3.15 0
65 0.625 3.65 0
65 0.625 4.15 0
65 0.625 4.65 0
65 0.675 0.15 0.481317
65 0.675 0.65 1.571
65 0.675 1.15 0.312149
65 0.675 1.65 0
65 0.675 2.15 0
65 0.675 2.65 0
65 0.675 3.15 0
65 0.675 3.65 0
65 0.675 4.15 0
65 0.675 4.65 0
65 0.725 0.15 2.20067
65 0.725 0.65 7.1829
65 0.725 1.15 1.4272
65 0.725 1.65 0
65 0.725 2.15 0
65 0.725 2.65 0
65 0.725 3.15 0
65 0.725 3.65 0
65 0.725 4.15 0
65 0.725 4.65 0
65 0.775 0.15 2.81736
65 0.775 0.65 9.19576
65 0.775 1.15 1.82715
65 0.775 1.65 0
65 0.775 2.15 0
65 0.775 2.65 0
65 0.775 3.15 0
65 0.775 3.65 0
65 0.775 4.15 0
65 0.775 4.65 0
65 0.825 0.15 0.650201
65 0.825 0.65 2.12223
65 0.825 1.15 0.421676
65 0.825 1.65 0
65 0.825 2.15 0
65 0.825 2.65 0
65 0.825 3.15 0
65 0.825 3.65 0
65 0.825 4.15 0
65 0.825 4.65 0
65 0.875 0.15 0.00859264
65 0.875 0.65 0.0280461
65 0.875 1.15 0.0055726
65 0.875 1.65 0
65 0.875 2.15 0
65 0.875 2.65 0
65 0.875 3.15 0
65 0.875 3.65 0
65 0.875 4.15 0
65 0.875 4.65 0
75 0.525 0.15 0.0772122
75 0.525 0.65 0.252018
75 0.525 1.15 0.0500746
75 0.525 1.65 0
75 0.525 2.15 0
75 0.525 2.65 0
75 0.525 3.15 0
75 0.525 3.65 0
75 0.525 4.15 0
75 0.525 4.65 0
75 0.575 0.15 0.0486716
75 0.575 0.65 0.158862
75 0.575 1.15 0.0315651
75 0.575 1.65 0
75 0.575 2.15 0
75 0.575 2.65 0
75 0.575 3.15 0
75 0.575 3.65 0
75 0.575 4.15 0
75 0.575 4.65 0
75 0.625 0.15 0.0715304
75 0.625 0.65 0.233473
75 0.625 1.15 0.0463897
75 0.625 1.65 0
75 0.625 2.15 0
75 0.625 2.65 0
75 0.625 3.15 0
75 0.625 3.65 0
75 0.625 4.15 0
75 0.625 4.65 0
75 0.675 0.15 0.370332
75 0.675 0.65 1.20875
75 0.675 1.15 0.240172
75 0.675 1.65 0
75 0.675 2.15 0
75 0.675 2.65 0
75 0.675 3.15 0
75 0.675 3.65 0
75 0.675 4.15 0
75 0.675 4.65 0
75 0.725 0.15 1.77043
75 0.725 0.65 5.77863
75 0.725 1.15 1.14818
75 0.725 1.65 0
75 0.725 2.15 0
75 0.725 2.65 0
75 0.725 3.15 0
75 0.725 3.65 0
75 0.725 4.15 0
75 0.725 4.65 0
75 0.775 0.15 2.26276
75 0.775 0.65 7.38558
75 0.775 1.15 1.46747
75 0.775 1.65 0
75 0.775 2.15 0
75 0.775 2.65 0
75 0.775 3.15 0
75 0.775 3.65 0
75 0.775 4.15 0
75 0.775 4.65 0
75 0.825 0.15 0.452373
75 0.825 0.65 1.47653
75 0.825 1.15 0.293378
75 0.825 1.65 0
75 0.825 2.15 0
75 0.825 2.65 0
75 0.825 3.15 0
75 0.825 3.65 0
75 0.825 4.15 0
75 0.825 4.65 0
75 0.875 0.15 0.00858256
75 0.875 0.65 0.0280132
75 0.875 1.15 0.00556606
75 0.875 1.65 0
75 0.875 2.15 0
75 0.875 2.65 0
75 0.875 3.15 0
75 0.875 3.65 0
75 0.875 4.15 0
75 0.875 4.65 0
85 0.525 0.15 0.0514531
85 0.525 0.65 0.167941
85 0.525 1.15 0.033369
85 0.525 1.65 0
85 0.525 2.15 0
85 0.525 2.65 0
85 0.525 3.15 0
85 0.525 3.65 0
85 0.525 4.15 0
85 0.525 4.65 0
85 0.575 0.15 0.0714723
85 0.575 0.65 0.233283
85 0.575 1.15 0.0463521
85 0.575 1.65 0
85 0.575 2.15 0
85 0.575 2.65 0
85 0.575 3.15 0
85 0.575 3.65 0
85 0.575 4.15 0
85 0.575 4.65 0
85 0.625 0.15 0.102852
85 0.625 0.65 0.335705
85 0.625 1.15 0.0667027
85 0.625 1.65 0
85 0.625 2.15 0
85 0.625 2.65 0
85 0.625 3.15 0
85 0.625 3.65 0
85 0.625 4.15 0
85 0.625 4.65 0
85 0.675 0.15 0.304372
85 0.675 0.65 0.99346
85 0.675 1.15 0.197395
85 0.675 1.65 0
85 0.675 2.15 0
85 0.675 2.65 0
85 0.675 3.15 0
85 0.675 3.65 0
85 0.675 4.15 0
85 0.675 4.65 0
85 0.725 0.15 1.4554
85 0.725 0.65 4.75037
85 0.725 1.15 0.943872
85 0.725 1.65 0
85 0.725 2.15 0
85 0.725 2.65 0
85 0.725 3.15 0
85 0.725 3.65 0
85 0.725 4.15 0
85 0.725 4.65 0
85 0.775 0.15 1.82246
85 0.775 0.65 5.94846
85 0.775 1.15 1.18193
85 0.775 1.65 0
85 0.775 2.15 0
85 0.775 2.65 0
85 0.775 3.15 0
85 0.775 3.65 0
85 0.775 4.15 0
85 0.775 4.65 0
85 0.825 0.15 0.268725
85 0.825 0.65 0.877108
85 0.825 1.15 0.174276
85 0.825 1.65 0
85 0.825 2.15 0
85 0.825 2.65 0
85 0.825 3.15 0
85 0.825 3.65 0
85 0.825 4.15 0
85 0.825 4.65 0
85 0.875 0.15 0
85 0.875 0.65 0
85 0.875 1.15 0
85 0.875 1.65 0
85 0.875 2.15 0
85 0.875 2.65 0
85 0.875 3.15 0
85 0.875 3.65 0
85 0.875 4.15 0
85 0.875 4.65 0
95 0.525 0.15 0.0627057
95 0.525 0.65 0.204669
95 0.525 1.15 0.0406666
95 0.525 1.65 0
95 0.525 2.15 0
95 0.525 2.65 0
95 0.525 3.15 0
95 0.525 3.65 0
95 0.525 4.15 0
95 0.525 4.65 0
95 0.575 0.15 0.0797556
95 0.575 0.65 0.26032
95 0.575 1.15 0.0517241
95 0.575 1.65 0
95 0.575 2.15 0
95 0.575 2.65 0
95 0.575 3.15 0
95 0.575 3.65 0
95 0.575 4.15 0
95 0.575 4.65 0
95 0.625 0.15 0.0712561
95 0.625 0.65 0.232577
95 0.625 1.15 0.0462118
95 0.625 1.65 0
95 0.625 2.15 0
95 0.625 2.65 0
95 0.625 3.15 0
95 0.625 3.65 0
95 0.625 4.15 0
95 0.625 4.65 0
95 0.675 0.15 0.249202
95 0.675 0.65 0.813387
95 0.675 1.15 0.161616
95 0.675 1.65 0
95 0.675 2.15 0
95 0.675 2.65 0
95 0.675 3.15 0
95 0.675 3.65 0
95 0.675 4.15 0
95 0.675 4.65 0
95 0.725 0.15 1.10832
95 0.725 0.65 3.61753
95 0.725 1.15 0.718783
95 0.725 1.65 0
95 0.725 2.15 0
95 0.725 2.65 0
95 0.725 3.15 0
95 0.725 3.65 0
95 0.725 4.15 0
95 0.725 4.65 0
95 0.775 0.15 1.72492
95 0.775 0.65 5.63006
95 0.775 1.15 1.11866
95 0.775 1.65 0
95 0.775 2.15 0
95 0.775 2.65 0
95 0.775 3.15 0
95 0.775 3.65 0
95 0.775 4.15 0
95 0.775 4.65 0
95 0.825 0.15 0.1941
95 0.825 0.65 0.633537
95 0.825 1.15 0.12588
95 0.825 1.65 0
95 0.825 2.15 0
95 0.825 2.65 0
95 0.825 3.15 0
95 0.825 3.65 0
95 0.825 4.15 0
95 0.825 4.65 0
95 0.875 0.15 0
95 0.875 0.65 0
95 0.875 1.15 0
95 0.875 1.65 0
95 0.875 2.15 0
95 0.875 2.65 0
95 0.875 3.15 0
95 0.875 3.65 0
95 0.875 4.15 0
95 0.875 4.65 0
105 0.525 0.15 0.130825
105 0.525 0.65 0.427008
105 0.525 1.15 0.0848442
105 0.525 1.65 0
105 0.525 2.15 0
105 0.525 2.65 0
105 0.525 3.15 0
105 0.525 3.65 0
105 0.525 4.15 0
105 0.525 4.65 0
105 0.575 0.15 0.0570769
105 0.575 0.65 0.186297
105 0.575 1.15 0.0370162
105 0.575 1.65 0
105 0.575 2.15 0
105 0.575 2.65 0
105 0.575 3.15 0
105 0.575 3.65 0
105 0.575 4.15 0
105 0.575 4.65 0
105 0.625 0.15 0.065579
105 0.625 0.65 0.214048
105 0.625 1.15 0.0425301
105 0.625 1.65 0
105 0.625 2.15 0
105 0.625 2.65 0
105 0.625 3.15 0
105 0.625 3.65 0
105 0.625 4.15 0
105 0.625 4.65 0
105 0.675 0.15 0.245458
105 0.675 0.65 0.801167
105 0.675 1.15 0.159187
105 0.675 1.65 0
105 0.675 2.15 0
105 0.675 2.65 0
105 0.675 3.15 0
105 0.675 3.65 0
105 0.675 4.15 0
105 0.675 4.65 0
105 0.725 0.15 1.10244
105 0.725 0.65 3.59832
105 0.725 1.15 0.714966
105 0.725 1.65 0
105 0.725 2.15 0
105 0.725 2.65 0
105 0.725 3.15 0
105 0.725 3.65 0
105 0.725 4.15 0
105 0.725 4.65 0
105 0.775 0.15 1.30166
105 0.775 0.65 4.24859
105 0.775 1.15 0.84417
105 0.775 1.65 0
105 0.775 2.15 0
105 0.775 2.65 0
105 0.775 3.15 0
105 0.775 3.65 0
105 0.775 4.15 0
105 0.775 4.65 0
105 0.825 0.15 0.114233
105 0.825 0.65 0.372851
105 0.825 1.15 0.0740834
105 0.825 1.65 0
105 0.825 2.15 0
105 0.825 2.65 0
105 0.825 3.15 0
105 0.825 3.65 0
105 0.825 4.15 0
105 0.825 4.65 0
105 0.875 0.15 0
105 0.875 0.65 0
105 0.875 1.15 0
105 0.875 1.65 0
105 0.875 2.15 0
105 0.875 2.65 0
105 0.875 3.15 0
105 0.875 3.65 0
105 0.875 4.15 0
105 0.875 4.65 0
115 0.525 0.15 0.0657261
115 0.525 0.65 0.214528
115 0.525 1.15 0.0426255
115 0.525 1.65 0
115 0.525 2.15 0
115 0.525 2.65 0
115 0.525 3.15 0
115 0.525 3.65 0
115 0.525 4.15 0
115 0.525 4.65 0
115 0.575 0.15 0.13168
115 0.575 0.65 0.429798
115 0.575 1.15 0.0853984
115 0.575 1.65 0
115 0.575 2.15 0
115 0.575 2.65 0
115 0.575 3.15 0
115 0.575 3.65 0
115 0.575 4.15 0
115 0.575 4.65 0
115 0.625 0.15 0.0371295
115 0.625 0.65 0.121189
115 0.625 1.15 0.0240797
115 0.625 1.65 0
115 0.625 2.15 0
115 0.625 2.65 0
115 0.625 3.15 0
115 0.625 3.65 0
115 0.625 4.15 0
115 0.625 4.65 0
115 0.675 0.15 0.234352
115 0.675 0.65 0.764915
115 0.675 1.15 0.151984
115 0.675 1.65 0
115 0.675 2.15 0
115 0.675 2.65 0
115 0.675 3.15 0
115 0.675 3.65 0
115 0.675 4.15 0
115 0.675 4.65 0
115 0.725 0.15 1.18142
115 0.725 0.65 3.85611
115 0.725 1.15 0.766187
115 0.725 1.65 0
115 0.725 2.15 0
115 0.725 2.65 0
115 0.725 3.15 0
115 0.725 3.65 0
115 0.725 4.15 0
115 0.725 4.65 0
115 0.775 0.15 1.24044
115 0.775 0.65 4.04874
115 0.775 1.15 0.804462
115 0.775 1.65 0
115 0.775 2.15 0
115 0.775 2.65 0
115 0.775 3.15 0
115 0.775 3.65 0
115 0.775 4.15 0
115 0.775 4.65 0
115 0.825 0.15 0.071409
115 0.825 0.65 0.233077
115 0.825 1.15 0.046311
115 0.825 1.65 0
115 0.825 2.15 0
115 0.825 2.65 0
115 0.825 3.15 0
115 0.825 3.65 0
115 0.825 4.15 0
115 0.825 4.65 0
115 0.875 0.15 0
115 0.875 0.65 0
115 0.875 1.15 0
115 0.875 1.65 0
115 0.875 2.15 0
115 0.875 2.65 0
115 0.875 3.15 0
115 0.875 3.65 0
115 0.875 4.15 0
115 0.875 4.65 0
