5 0.525 0.15 1.56173
5 0.525 0.65 9.10156
5 0.525 1.15 3.12708
5 0.525 1.65 0
5 0.525 2.15 0
5 0.525 2.65 0
5 0.525 3.15 0
5 0.525 3.65 0
5 0.525 4.15 0
5 0.525 4.65 0
5 0.575 0.15 1.60952
5 0.575 0.65 9.38007
5 0.575 1.15 3.22277
5 0.575 1.65 0
5 0.575 2.15 0
5 0.575 2.65 0
5 0.575 3.15 0
5 0.575 3.65 0
5 0.575 4.15 0
5 0.575 4.65 0
5 0.625 0.15 1.84139
5 0.625 0.65 10.7314
5 0.625 1.15 3.68705
5 0.625 1.65 0
5 0.625 2.15 0
5 0.625 2.65 0
5 0.625 3.15 0
5 0.625 3.65 0
5 0.625 4.15 0
5 0.625 4.65 0
5 0.675 0.15 1.67989
5 0.675 0.65 9.79013
5 0.675 1.15 3.36366
5 0.675 1.65 0
5 0.675 2.15 0
5 0.675 2.65 0
5 0.675 3.15 0
5 0.675 3.65 0
5 0.675 4.15 0
5 0.675 4.65 0
5 0.725 0.15 1.25392
5 0.725 0.65 7.30768
5 0.725 1.15 2.51075
5 0.725 1.65 0
5 0.725 2.15 0
5 0.725 2.65 0
5 0.725 3.15 0
5 0.725 3.65 0
5 0.725 4.15 0
5 0.725 4.65 0
5 0.775 0.15 0.903643
5 0.775 0.65 5.2663
5 0.775 1.15 1.80938
5 0.775 1.65 0
5 0.775 2.15 0
5 0.775 2.65 0
5 0.775 3.15 0
5 0.775 3.65 0
5 0.775 4.15 0
5 0.775 4.65 0
5 0.825 0.15 0.583746
5 0.825 0.65 3.40199
5 0.825 1.15 1.16884
5 0.825 1.65 0
5 0.825 2.15 0
5 0.825 2.65 0
5 0.825 3.15 0
5 0.825 3.65 0
5 0.825 4.15 0
5 0.825 4.65 0
5 0.875 0.15 0.375439
5 0.875 0.65 2.18801
5 0.875 1.15 0.751748
5 0.875 1.65 0
5 0.875 2.15 0
5 0.875 2.65 0
5 0.875 3.15 0
5 0.875 3.65 0
5 0.875 4.15 0
5 0.875 4.65 0
15 0.525 0.15 0.42388
15 0.525 0.65 2.47031
15 0.525 1.15 0.848742
15 0.525 1.65 0
15 0.525 2.15 0
15 0.525 2.65 0
15 0.525 3.15 0
15 0.525 3.65 0
15 0.525 4.15 0
15 0.525 4.65 0
15 0.575 0.15 0.709958
15 0.575 0.65 4.13754
15 0.575 1.15 1.42156
15 0.575 1.65 0
15 0.575 2.15 0
15 0.575 2.65 0
15 0.575 3.15 0
15 0.575 3.65 0
15 0.575 4.15 0
15 0.575 4.65 0
15 0.625 0.15 1.5007
15 0.625 0.65 8.74589
15 0.625 1.15 3.00488
15 0.625 1.65 0
15 0.625 2.15 0
15 0.625 2.65 0
15 0.625 3.15 0
15 0.625 3.65 0
15 0.625 4.15 0
15 0.625 4.65 0
15 0.675 0.15 2.59552
15 0.675 0.65 15.1263
15 0.675 1.15 5.19705
15 0.675 1.65 0
15 0.675 2.15 0
15 0.675 2.65 0
15 0.675 3.15 0
15 0.675 3.65 0
15 0.675 4.15 0
15 0.675 4.65 0
15 0.725 0.15 2.82758
15 0.725 0.65 16.4787
15 0.725 1.15 5.66171
15 0.725 1.65 0
15 0.725 2.15 0
15 0.725 2.65 0
15 0.725 3.15 0
15 0.725 3.65 0
15 0.725 4.15 0
15 0.725 4.65 0
15 0.775 0.15 1.69836
15 0.775 0.65 9.89778
15 0.775 1.15 3.40065
15 0.775 1.65 0
15 0.775 2.15 0
15 0.775 2.65 0
15 0.775 3.15 0
15 0.775 3.65 0
15 0.775 4.15 0
15 0.775 4.65 0
15 0.825 0.15 0.71715
15 0.825 0.65 4.17945
15 0.825 1.15 1.43596
15 0.825 1.65 0
15 0.825 2.15 0
15 0.825 2.65 0
15 0.825 3.15 0
15 0.825 3.65 0
15 0.825 4.15 0
15 0.825 4.65 0
15 0.875 0.15 0.1264
15 0.875 0.65 0.736643
15 0.875 1.15 0.253093
15 0.875 1.65 0
15 0.875 2.15 0
15 0.875 2.65 0
15 0.875 3.15 0
15 0.875 3.65 0
15 0.875 4.15 0
15 0.875 4.65 0
25 0.525 0.15 0.0365853
25 0.525 0.65 0.213214
25 0.525 1.15 0.0732553
25 0.525 1.65 0
25 0.525 2.15 0
25 0.525 2.65 0
25 0.525 3.15 0
25 0.525 3.65 0
25 0.525 4.15 0
25 0.525 4.65 0
25 0.575 0.15 0.136157
25 0.575 0.65 0.793505
25 0.575 1.15 0.27263
25 0.575 1.65 0
25 0.575 2.15 0
25 0.575 2.65 0
25 0.575 3.15 0
25 0.575 3.65 0
25 0.575 4.15 0
25 0.575 4.65 0
25 0.625 0.15 0.487923
25 0.625 0.65 2.84355
25 0.625 1.15 0.976977
25 0.625 1.65 0
25 0.625 2.15 0
25 0.625 2.65 0
25 0.625 3.15 0
25 0.625 3.65 0
25 0.625 4.15 0
25 0.625 4.65 0
25 0.675 0.15 1.74882
25 0.675 0.65 10.1919
25 0.675 1.15 3.50169
25 0.675 1.65 0
25 0.675 2.15 0
25 0.675 2.65 0
25 0.675 3.15 0
25 0.675 3.65 0
25 0.675 4.15 0
25 0.675 4.65 0
25 0.725 0.15 2.74527
25 0.725 0.65 15.999
25 0.725 1.15 5.49689
25 0.725 1.65 0
25 0.725 2.15 0
25 0.725 2.65 0
25 0.725 3.15 0
25 0.725 3.65 0
25 0.725 4.15 0
25 0.725 4.65 0
25 0.775 0.15 1.9959
25 0.775 0.65 11.6318
25 0.775 1.15 3.99642
25 0.775 1.65 0
25 0.775 2.15 0
25 0.775 2.65 0
25 0.775 3.15 0
25 0.775 3.65 0
25 0.775 4.15 0
25 0.775 4.65 0
25 0.825 0.15 0.494554
25 0.825 0.65 2.88219
25 0.825 1.15 0.990254
25 0.825 1.65 0
25 0.825 2.15 0
25 0.825 2.65 0
25 0.825 3.15 0
25 0.825 3.65 0
25 0.825 4.15 0
25 0.825 4.65 0
25 0.875 0.15 0.0397519
25 0.875 0.65 0.231668
25 0.875 1.15 0.0795958
25 0.875 1.65 0
25 0.875 2.15 0
25 0.875 2.65 0
25 0.875 3.15 0
25 0.875 3.65 0
25 0.875 4.15 0
25 0.875 4.65 0
35 0.525 0.15 0.041518
35 0.525 0.65 0.241961
35 0.525 1.15 0.0831321
35 0.525 1.65 0
35 0.525 2.15 0
35 0.525 2.65 0
35 0.525 3.15 0
35 0.525 3.65 0
35 0.525 4.15 0
35 0.525 4.65 0
35 0.575 0.15 0.0542794
35 0.575 0.65 0.316333
35 0.575 1.15 0.108685
35 0.575 1.65 0
35 0.575 2.15 0
35 0.575 2.65 0
35 0.575 3.15 0
35 0.575 3.65 0
35 0.575 4.15 0
35 0.575 4.65 0
35 0.625 0.15 0.187591
35 0.625 0.65 1.09326
35 0.625 1.15 0.375617
35 0.625 1.65 0
35 0.625 2.15 0
35 0.625 2.65 0
35 0.625 3.15 0
35 0.625 3.65 0
35 0.625 4.15 0
35 0.625 4.65 0
35 0.675 0.15 0.944998
35 0.675 0.65 5.50732
35 0.675 1.15 1.89219
35 0.675 1.65 0
35 0.675 2.15 0
35 0.675 2.65 0
35 0.675 3.15 0
35 0.675 3.65 0
35 0.675 4.15 0
35 0.675 4.65 0
35 0.725 0.15 2.32543
35 0.725 0.65 13.5523
35 0.725 1.15 4.65625
35 0.725 1.65 0
35 0.725 2.15 0
35 0.725 2.65 0
35 0.725 3.15 0
35 0.725 3.65 0
35 0.725 4.15 0
35 0.725 4.65 0
35 0.775 0.15 1.90783
35 0.775 0.65 11.1185
35 0.775 1.15 3.82007
35 0.775 1.65 0
35 0.775 2.15 0
35 0.775 2.65 0
35 0.775 3.15 0
35 0.775 3.65 0
35 0.775 4.15 0
35 0.775 4.65 0
35 0.825 0.15 0.394386
35 0.825 0.65 2.29843
35 0.825 1.15 0.789686
35 0.825 1.65 0
35 0.825 2.15 0
35 0.825 2.65 0
35 0.825 3.15 0
35 0.825 3.65 0
35 0.825 4.15 0
35 0.825 4.65 0
35 0.875 0.15 0.0239546
35 0.875 0.65 0.139604
35 0.875 1.15 0.0479647
35 0.875 1.65 0
35 0.875 2.15 0
35 0.875 2.65 0
35 0.875 3.15 0
35 0.875 3.65 0
35 0.875 4.15 0
35 0.875 4.65 0
45 0.525 0.15 0.0490546
45 0.525 0.65 0.285883
45 0.525 1.15 0.0982229
45 0.525 1.65 0
45 0.525 2.15 0
45 0.525 2.65 0
45 0.525 3.15 0
45 0.525 3.65 0
45 0.525 4.15 0
45 0.525 4.65 0
45 0.575 0.15 0.0514761
45 0.575 0.65 0.299995
45 0.575 1.15 0.103071
45 0.575 1.65 0
45 0.575 2.15 0
45 0.575 2.65 0
45 0.575 3.15 0
45 0.575 3.65 0
45 0.575 4.15 0
45 0.575 4.65 0
45 0.625 0.15 0.0948533
45 0.625 0.65 0.552791
45 0.625 1.15 0.189926
45 0.625 1.65 0
45 0.625 2.15 0
45 0.625 2.65 0
45 0.625 3.15 0
45 0.625 3.65 0
45 0.625 4.15 0
45 0.625 4.65 0
45 0.675 0.15 0.523026
45 0.675 0.65 3.04812
45 0.675 1.15 1.04726
45 0.675 1.65 0
45 0.675 2.15 0
45 0.675 2.65 0
45 0.675 3.15 0
45 0.675 3.65 0
45 0.675 4.15 0
45 0.675 4.65 0
45 0.725 0.15 1.54794
45 0.725 0.65 9.02115
45 0.725 1.15 3.09946
45 0.725 1.65 0
45 0.725 2.15 0
45 0.725 2.65 0
45 0.725 3.15 0
45 0.725 3.65 0
45 0.725 4.15 0
45 0.725 4.65 0
45 0.775 0.15 1.75232
45 0.775 0.65 10.2123
45 0.775 1.15 3.5087
45 0.775 1.65 0
45 0.775 2.15 0
45 0.775 2.65 0
45 0.775 3.15 0
45 0.775 3.65 0
45 0.775 4.15 0
45 0.775 4.65 0
45 0.825 0.15 0.447788
45 0.825 0.65 2.60965
45 0.825 1.15 0.896614
45 0.825 1.65 0
45 0.825 2.15 0
45 0.825 2.65 0
45 0.825 3.15 0
45 0.825 3.65 0
45 0.825 4.15 0
45 0.825 4.65 0
45 0.875 0.15 0.0128784
45 0.875 0.65 0.0750534
45 0.875 1.15 0.0257866
45 0.875 1.65 0
45 0.875 2.15 0
45 0.875 2.65 0
45 0.875 3.15 0
45 0.875 3.65 0
45 0.875 4.15 0
45 0.875 4.65 0
55 0.525 0.15 0.0355005
55 0.525 0.65 0.206892
55 0.525 1.15 0.0710833
55 0.525 1.65 0
55 0.525 2.15 0
55 0.525 2.65 0
55 0.525 3.15 0
55 0.525 3.65 0
55 0.525 4.15 0
55 0.525 4.65 0
55 0.575 0.15 0.0451569
55 0.575 0.65 0.263168
55 0.575 1.15 0.0904183
55 0.575 1.65 0
55 0.575 2.15 0
55 0.575 2.65 0
55 0.575 3.15 0
55 0.575 3.65 0
55 0.575 4.15 0
55 0.575 4.65 0
55 0.625 0.15 0.0548217
55 0.625 0.65 0.319493
55 0.625 1.15 0.10977
55 0.625 1.65 0
55 0.625 2.15 0
55 0.625 2.65 0
55 0.625 3.15 0
55 0.625 3.65 0
55 0.625 4.15 0
55 0.625 4.65 0
55 0.675 0.15 0.305753
55 0.675 0.65 1.78188
55 0.675 1.15 0.612214
55 0.675 1.65 0
55 0.675 2.15 0
55 0.675 2.65 0
55 0.675 3.15 0
55 0.675 3.65 0
55 0.675 4.15 0
55 0.675 4.65 0
55 0.725 0.15 1.20538
55 0.725 0.65 7.02478
55 0.725 1.15 2.41355
55 0.725 1.65 0
55 0.725 2.15 0
55 0.725 2.65 0
55 0.725 3.15 0
55 0.725 3.65 0
55 0.725 4.15 0
55 0.725 4.65 0
55 0.775 0.15 1.62656
55 0.775 0.65 9.47936
55 0.775 1.15 3.25689
55 0.775 1.65 0
55 0.775 2.15 0
55 0.775 2.65 0
55 0.775 3.15 0
55 0.775 3.65 0
55 0.775 4.15 0
55 0.775 4.65 0
55 0.825 0.15 0.317208
55 0.825 0.65 1.84864
55 0.825 1.15 0.635151
55 0.825 1.65 0
55 0.825 2.15 0
55 0.825 2.65 0
55 0.825 3.15 0
55 0.825 3.65 0
55 0.825 4.15 0
55 0.825 4.65 0
55 0.875 0.15 0.0096967
55 0.875 0.65 0.056511
55 0.875 1.15 0.0194159
55 0.875 1.65 0
55 0.875 2.15 0
55 0.875 2.65 0
55 0.875 3.15 0
55 0.875 3.65 0
55 0.875 4.15 0
55 0.875 4.65 0
65 0.525 0.15 0.0193619
65 0.525 0.65 0.112838
65 0.525 1.15 0.0387686
65 0.525 1.65 0
65 0.525 2.15 0
65 0.525 2.65 0
65 0.525 3.15 0
65 0.525 3.65 0
65 0.525 4.15 0
65 0.525 4.65 0
65 0.575 0.15 0.025884
65 0.575 0.65 0.150848
65 0.575 1.15 0.0518279
65 0.575 1.65 0
65 0.575 2.15 0
65 0.575 2.65 0
65 0.575 3.15 0
65 0.575 3.65 0
65 0.575 4.15 0
65 0.575 4.65 0
65 0.625 0.15 0.0565258
65 0.625 0.65 0.329425
65 0.625 1.15 0.113183
65 0.625 1.65 0
65 0.625 2.15 0
65 0.625 2.65 0
65 0.625 3.15 0
65 0.625 3.65 0
65 0.625 4.15 0
65 0.625 4.65 0
65 0.675 0.15 0.285955
65 0.675 0.65 1.66651
65 0.675 1.15 0.572573
65 0.675 1.65 0
65 0.675 2.15 0
65 0.675 2.65 0
65 0.675 3.15 0
65 0.675 3.65 0
65 0.675 4.15 0
65 0.675 4.65 0
65 0.725 0.15 1.15372
65 0.725 0.65 6.72371
65 0.725 1.15 2.31011
65 0.725 1.65 0
65 0.725 2.15 0
65 0.725 2.65 0
65 0.725 3.15 0
65 0.725 3.65 0
65 0.725 4.15 0
65 0.725 4.65 0
65 0.775 0.15 1.62046
65 0.775 0.65 9.4438
65 0.775 1.15 3.24467
65 0.775 1.65 0
65 0.775 2.15 0
65 0.775 2.65 0
65 0.775 3.15 0
65 0.775 3.65 0
65 0.775 4.15 0
65 0.775 4.65 0
65 0.825 0.15 0.404111
65 0.825 0.65 2.3551
65 0.825 1.15 0.809159
65 0.825 1.65 0
65 0.825 2.15 0
65 0.825 2.65 0
65 0.825 3.15 0
65 0.825 3.65 0
65 0.825 4.15 0
65 0.825 4.65 0
65 0.875 0.15 0.00647268
65 0.875 0.65 0.0377218
65 0.875 1.15 0.0129603
65 0.875 1.65 0
65 0.875 2.15 0
65 0.875 2.65 0
65 0.875 3.15 0
65 0.875 3.65 0
65 0.875 4.15 0
65 0.875 4.65 0
75 0.525 0.15 0.0419509
75 0.525 0.65 0.244484
75 0.525 1.15 0.083999
75 0.525 1.65 0
75 0.525 2.15 0
75 0.525 2.65 0
75 0.525 3.15 0
75 0.525 3.65 0
75 0.525 4.15 0
75 0.525 4.65 0
75 0.575 0.15 0.0242075
75 0.575 0.65 0.141078
75 0.575 1.15 0.0484711
75 0.575 1.65 0
75 0.575 2.15 0
75 0.575 2.65 0
75 0.575 3.15 0
75 0.575 3.65 0
75 0.575 4.15 0
75 0.575 4.65 0
75 0.625 0.15 0.0451648
75 0.625 0.65 0.263214
75 0.625 1.15 0.0904342
75 0.625 1.65 0
75 0.625 2.15 0
75 0.625 2.65 0
75 0.625 3.15 0
75 0.625 3.65 0
75 0.625 4.15 0
75 0.625 4.65 0
75 0.675 0.15 0.217734
75 0.675 0.65 1.26893
75 0.675 1.15 0.435973
75 0.675 1.65 0
75 0.675 2.15 0
75 0.675 2.65 0
75 0.675 3.15 0
75 0.675 3.65 0
75 0.675 4.15 0
75 0.675 4.65 0
75 0.725 0.15 1.0594
75 0.725 0.65 6.17401
75 0.725 1.15 2.12124
75 0.725 1.65 0
75 0.725 2.15 0
75 0.725 2.65 0
75 0.725 3.15 0
75 0.725 3.65 0
75 0.725 4.15 0
75 0.725 4.65 0
75 0.775 0.15 1.337
75 0.775 0.65 7.79184
75 0.775 1.15 2.6771
75 0.775 1.65 0
75 0.775 2.15 0
75 0.775 2.65 0
75 0.775 3.15 0
75 0.775 3.65 0
75 0.775 4.15 0
75 0.775 4.65 0
75 0.825 0.15 0.252479
75 0.825 0.65 1.47141
75 0.825 1.15 0.505542
75 0.825 1.65 0
75 0.825 2.15 0
75 0.825 2.65 0
75 0.825 3.15 0
75 0.825 3.65 0
75 0.825 4.15 0
75 0.825 4.65 0
75 0.875 0.15 0.00483821
75 0.875 0.65 0.0281964
75 0.875 1.15 0.00968762
75 0.875 1.65 0
75 0.875 2.15 0
75 0.875 2.65 0
75 0.875 3.15 0
75 0.875 3.65 0
75 0.875 4.15 0
75 0.875 4.65 0
85 0.525 0.15 0.035467
85 0.525 0.65 0.206697
85 0.525 1.15 0.0710161
85 0.525 1.65 0
85 0.525 2.15 0
85 0.525 2.65 0
85 0.525 3.15 0
85 0.525 3.65 0
85 0.525 4.15 0
85 0.525 4.65 0
85 0.575 0.15 0.033832
85 0.575 0.65 0.197168
85 0.575 1.15 0.0677423
85 0.575 1.65 0
85 0.575 2.15 0
85 0.575 2.65 0
85 0.575 3.15 0
85 0.575 3.65 0
85 0.575 4.15 0
85 0.575 4.65 0
85 0.625 0.15 0.0402499
85 0.625 0.65 0.234571
85 0.625 1.15 0.0805931
85 0.625 1.65 0
85 0.625 2.15 0
85 0.625 2.65 0
85 0.625 3.15 0
85 0.625 3.65 0
85 0.625 4.15 0
85 0.625 4.65 0
85 0.675 0.15 0.190173
85 0.675 0.65 1.1083
85 0.675 1.15 0.380787
85 0.675 1.65 0
85 0.675 2.15 0
85 0.675 2.65 0
85 0.675 3.15 0
85 0.675 3.65 0
85 0.675 4.15 0
85 0.675 4.65 0
85 0.725 0.15 0.855156
85 0.725 0.65 4.98373
85 0.725 1.15 1.71229
85 0.725 1.65 0
85 0.725 2.15 0
85 0.725 2.65 0
85 0.725 3.15 0
85 0.725 3.65 0
85 0.725 4.15 0
85 0.725 4.65 0
85 0.775 0.15 1.00764
85 0.775 0.65 5.87237
85 0.775 1.15 2.01761
85 0.775 1.65 0
85 0.775 2.15 0
85 0.775 2.65 0
85 0.775 3.15 0
85 0.775 3.65 0
85 0.775 4.15 0
85 0.775 4.65 0
85 0.825 0.15 0.151468
85 0.825 0.65 0.882735
85 0.825 1.15 0.303287
85 0.825 1.65 0
85 0.825 2.15 0
85 0.825 2.65 0
85 0.825 3.15 0
85 0.825 3.65 0
85 0.825 4.15 0
85 0.825 4.65 0
85 0.875 0.15 0.00161003
85 0.875 0.65 0.00938303
85 0.875 1.15 0.00322379
85 0.875 1.65 0
85 0.875 2.15 0
85 0.875 2.65 0
85 0.875 3.15 0
85 0.875 3.65 0
85 0.875 4.15 0
85 0.875 4.65 0
95 0.525 0.15 0.0465708
95 0.525 0.65 0.271408
95 0.525 1.15 0.0932494
95 0.525 1.65 0
95 0.525 2.15 0
95 0.525 2.65 0
95 0.525 3.15 0
95 0.525 3.65 0
95 0.525 4.15 0
95 0.525 4.65 0
95 0.575 0.15 0.0225193
95 0.575 0.65 0.131239
95 0.575 1.15 0.0450907
95 0.575 1.65 0
95 0.575 2.15 0
95 0.575 2.65 0
95 0.575 3.15 0
95 0.575 3.65 0
95 0.575 4.15 0
95 0.575 4.65 0
95 0.625 0.15 0.0482098
95 0.625 0.65 0.28096
95 0.625 1.15 0.0965312
95 0.625 1.65 0
95 0.625 2.15 0
95 0.625 2.65 0
95 0.625 3.15 0
95 0.625 3.65 0
95 0.625 4.15 0
95 0.625 4.65 0
95 0.675 0.15 0.12767
95 0.675 0.65 0.744044
95 0.675 1.15 0.255636
95 0.675 1.65 0
95 0.675 2.15 0
95 0.675 2.65 0
95 0.675 3.15 0
95 0.675 3.65 0
95 0.675 4.15 0
95 0.675 4.65 0
95 0.725 0.15 0.703148
95 0.725 0.65 4.09784
95 0.725 1.15 1.40792
95 0.725 1.65 0
95 0.725 2.15 0
95 0.725 2.65 0
95 0.725 3.15 0
95 0.725 3.65 0
95 0.725 4.15 0
95 0.725 4.65 0
95 0.775 0.15 0.970649
95 0.775 0.65 5.65681
95 0.775 1.15 1.94355
95 0.775 1.65 0
95 0.775 2.15 0
95 0.775 2.65 0
95 0.775 3.15 0
95 0.775 3.65 0
95 0.775 4.15 0
95 0.775 4.65 0
95 0.825 0.15 0.111101
95 0.825 0.65 0.647478
95 0.825 1.15 0.222458
95 0.825 1.65 0
95 0.825 2.15 0
95 0.825 2.65 0
95 0.825 3.15 0
95 0.825 3.65 0
95 0.825 4.15 0
95 0.825 4.65 0
95 0.875 0.15 0
95 0.875 0.65 0
95 0.875 1.15 0
95 0.875 1.65 0
95 0.875 2.15 0
95 0.875 2.65 0
95 0.875 3.15 0
95 0.875 3.65 0
95 0.875 4.15 0
95 0.875 4.65 0
105 0.525 0.15 0.0739176
105 0.525 0.65 0.430781
105 0.525 1.15 0.148006
105 0.525 1.65 0
105 0.525 2.15 0
105 0.525 2.65 0
105 0.525 3.15 0
105 0.525 3.65 0
105 0.525 4.15 0
105 0.525 4.65 0
105 0.575 0.15 0.0386169
105 0.575 0.65 0.225054
105 0.575 1.15 0.0773232
105 0.575 1.65 0
105 0.575 2.15 0
105 0.575 2.65 0
105 0.575 3.15 0
105 0.575 3.65 0
105 0.575 4.15 0
105 0.575 4.65 0
105 0.625 0.15 0.0353731
105 0.625 0.65 0.206149
105 0.625 1.15 0.0708281
105 0.625 1.65 0
105 0.625 2.15 0
105 0.625 2.65 0
105 0.625 3.15 0
105 0.625 3.65 0
105 0.625 4.15 0
105 0.625 4.65 0
105 0.675 0.15 0.162375
105 0.675 0.65 0.946298
105 0.675 1.15 0.325126
105 0.675 1.65 0
105 0.675 2.15 0
105 0.675 2.65 0
105 0.675 3.15 0
105 0.675 3.65 0
105 0.675 4.15 0
105 0.675 4.65 0
105 0.725 0.15 0.580832
105 0.725 0.65 3.38501
105 0.725 1.15 1.16301
105 0.725 1.65 0
105 0.725 2.15 0
105 0.725 2.65 0
105 0.725 3.15 0
105 0.725 3.65 0
105 0.725 4.15 0
105 0.725 4.65 0
105 0.775 0.15 0.813816
105 0.775 0.65 4.74281
105 0.775 1.15 1.62952
105 0.775 1.65 0
105 0.775 2.15 0
105 0.775 2.65 0
105 0.775 3.15 0
105 0.775 3.65 0
105 0.775 4.15 0
105 0.775 4.65 0
105 0.825 0.15 0.0563356
105 0.825 0.65 0.328316
105 0.825 1.15 0.112802
105 0.825 1.65 0
105 0.825 2.15 0
105 0.825 2.65 0
105 0.825 3.15 0
105 0.825 3.65 0
105 0.825 4.15 0
105 0.825 4.65 0
105 0.875 0.15 0
105 0.875 0.65 0
105 0.875 1.15 0
105 0.875 1.65 0
105 0.875 2.15 0
105 0.875 2.65 0
105 0.875 3.15 0
105 0.875 3.65 0
105 0.875 4.15 0
105 0.875 4.65 0
115 0.525 0.15 0.0402432
115 0.525 0.65 0.234531
115 0.525 1.15 0.0805795
115 0.525 1.65 0
115 0.525 2.15 0
115 0.525 2.65 0
115 0.525 3.15 0
115 0.525 3.65 0
115 0.525 4.15 0
115 0.525 4.65 0
115 0.575 0.15 0.0225628
115 0.575 0.65 0.131493
115 0.575 1.15 0.0451778
115 0.575 1.65 0
115 0.575 2.15 0
115 0.575 2.65 0
115 0.575 3.15 0
115 0.575 3.65 0
115 0.575 4.15 0
115 0.575 4.65 0
115 0.625 0.15 0.0273764
115 0.625 0.65 0.159546
115 0.625 1.15 0.0548161
115 0.625 1.65 0
115 0.625 2.15 0
115 0.625 2.65 0
115 0.625 3.15 0
115 0.625 3.65 0
115 0.625 4.15 0
115 0.625 4.65 0
115 0.675 0.15 0.11759
115 0.675 0.65 0.685298
115 0.675 1.15 0.235452
115 0.675 1.65 0
115 0.675 2.15 0
115 0.675 2.65 0
115 0.675 3.15 0
115 0.675 3.65 0
115 0.675 4.15 0
115 0.675 4.65 0
115 0.725 0.15 0.624197
115 0.725 0.65 3.63773
115 0.725 1.15 1.24984
115 0.725 1.65 0
115 0.725 2.15 0
115 0.725 2.65 0
115 0.725 3.15 0
115 0.725 3.65 0
115 0.725 4.15 0
115 0.725 4.65 0
115 0.775 0.15 0.703318
115 0.775 0.65 4.09884
115 0.775 1.15 1.40826
115 0.775 1.65 0
115 0.775 2.15 0
115 0.775 2.65 0
115 0.775 3.15 0
115 0.775 3.65 0
115 0.775 4.15 0
115 0.775 4.65 0
115 0.825 0.15 0.0338213
115 0.825 0.65 0.197106
115 0.825 1.15 0.0677209
115 0.825 1.65 0
115 0.825 2.15 0
115 0.825 2.65 0
115 0.825 3.15 0
115 0.825 3.65 0
115 0.825 4.15 0
115 0.825 4.65 0
115 0.875 0.15 0
115 0.875 0.65 0
115 0.875 1.15 0
115 0.875 1.65 0
115 0.875 2.15 0
115 0.875 2.65 0
115 0.875 3.15 0
115 0.875 3.65 0
115 0.875 4.15 0
115 0.875 4.65 0
