5 0.525 0.15 0.853479
5 0.525 0.65 8.88283
5 0.525 1.15 5.2713
5 0.525 1.65 0
5 0.525 2.15 0
5 0.525 2.65 0
5 0.525 3.15 0
5 0.525 3.65 0
5 0.525 4.15 0
5 0.525 4.65 0
5 0.575 0.15 0.868102
5 0.575 0.65 9.03502
5 0.575 1.15 5.36161
5 0.575 1.65 0
5 0.575 2.15 0
5 0.575 2.65 0
5 0.575 3.15 0
5 0.575 3.65 0
5 0.575 4.15 0
5 0.575 4.65 0
5 0.625 0.15 1.01819
5 0.625 0.65 10.5971
5 0.625 1.15 6.2886
5 0.625 1.65 0
5 0.625 2.15 0
5 0.625 2.65 0
5 0.625 3.15 0
5 0.625 3.65 0
5 0.625 4.15 0
5 0.625 4.65 0
5 0.675 0.15 0.860535
5 0.675 0.65 8.95627
5 0.675 1.15 5.31488
5 0.675 1.65 0
5 0.675 2.15 0
5 0.675 2.65 0
5 0.675 3.15 0
5 0.675 3.65 0
5 0.675 4.15 0
5 0.675 4.65 0
5 0.725 0.15 0.702106
5 0.725 0.65 7.30737
5 0.725 1.15 4.33638
5 0.725 1.65 0
5 0.725 2.15 0
5 0.725 2.65 0
5 0.725 3.15 0
5 0.725 3.65 0
5 0.725 4.15 0
5 0.725 4.65 0
5 0.775 0.15 0.493217
5 0.775 0.65 5.1333
5 0.775 1.15 3.04623
5 0.775 1.65 0
5 0.775 2.15 0
5 0.775 2.65 0
5 0.775 3.15 0
5 0.775 3.65 0
5 0.775 4.15 0
5 0.775 4.65 0
5 0.825 0.15 0.337428
5 0.825 0.65 3.51188
5 0.825 1.15 2.08404
5 0.825 1.65 0
5 0.825 2.15 0
5 0.825 2.65 0
5 0.825 3.15 0
5 0.825 3.65 0
5 0.825 4.15 0
5 0.825 4.65 0
5 0.875 0.15 0.210324
5 0.875 0.65 2.18901
5 0.875 1.15 1.29901
5 0.875 1.65 0
5 0.875 2.15 0
5 0.875 2.65 0
5 0.875 3.15 0
5 0.875 3.65 0
5 0.875 4.15 0
5 0.875 4.65 0
15 0.525 0.15 0.205724
15 0.525 0.65 2.14114
15 0.525 1.15 1.27061
15 0.525 1.65 0
15 0.525 2.15 0
15 0.525 2.65 0
15 0.525 3.15 0
15 0.525 3.65 0
15 0.525 4.15 0
15 0.525 4.65 0
15 0.575 0.15 0.366457
15 0.575 0.65 3.814
15 0.575 1.15 2.26333
15 0.575 1.65 0
15 0.575 2.15 0
15 0.575 2.65 0
15 0.575 3.15 0
15 0.575 3.65 0
15 0.575 4.15 0
15 0.575 4.65 0
15 0.625 0.15 0.777116
15 0.625 0.65 8.08807
15 0.625 1.15 4.79967
15 0.625 1.65 0
15 0.625 2.15 0
15 0.625 2.65 0
15 0.625 3.15 0
15 0.625 3.65 0
15 0.625 4.15 0
15 0.625 4.65 0
15 0.675 0.15 1.41443
15 0.675 0.65 14.7211
15 0.675 1.15 8.73585
15 0.675 1.65 0
15 0.675 2.15 0
15 0.675 2.65 0
15 0.675 3.15 0
15 0.675 3.65 0
15 0.675 4.15 0
15 0.675 4.65 0
15 0.725 0.15 1.47113
15 0.725 0.65 15.3112
15 0.725 1.15 9.08606
15 0.725 1.65 0
15 0.725 2.15 0
15 0.725 2.65 0
15 0.725 3.15 0
15 0.725 3.65 0
15 0.725 4.15 0
15 0.725 4.65 0
15 0.775 0.15 0.932073
15 0.775 0.65 9.70082
15 0.775 1.15 5.75672
15 0.775 1.65 0
15 0.775 2.15 0
15 0.775 2.65 0
15 0.775 3.15 0
15 0.775 3.65 0
15 0.775 4.15 0
15 0.775 4.65 0
15 0.825 0.15 0.358184
15 0.825 0.65 3.72791
15 0.825 1.15 2.21224
15 0.825 1.65 0
15 0.825 2.15 0
15 0.825 2.65 0
15 0.825 3.15 0
15 0.825 3.65 0
15 0.825 4.15 0
15 0.825 4.65 0
15 0.875 0.15 0.0724758
15 0.875 0.65 0.754313
15 0.875 1.15 0.447629
15 0.875 1.65 0
15 0.875 2.15 0
15 0.875 2.65 0
15 0.875 3.15 0
15 0.875 3.65 0
15 0.875 4.15 0
15 0.875 4.65 0
25 0.525 0.15 0.0268334
25 0.525 0.65 0.279277
25 0.525 1.15 0.16573
25 0.525 1.65 0
25 0.525 2.15 0
25 0.525 2.65 0
25 0.525 3.15 0
25 0.525 3.65 0
25 0.525 4.15 0
25 0.525 4.65 0
25 0.575 0.15 0.065009
25 0.575 0.65 0.676601
25 0.575 1.15 0.401512
25 0.575 1.65 0
25 0.575 2.15 0
25 0.575 2.65 0
25 0.575 3.15 0
25 0.575 3.65 0
25 0.575 4.15 0
25 0.575 4.65 0
25 0.625 0.15 0.250589
25 0.625 0.65 2.60807
25 0.625 1.15 1.5477
25 0.625 1.65 0
25 0.625 2.15 0
25 0.625 2.65 0
25 0.625 3.15 0
25 0.625 3.65 0
25 0.625 4.15 0
25 0.625 4.65 0
25 0.675 0.15 0.929284
25 0.675 0.65 9.67179
25 0.675 1.15 5.73949
25 0.675 1.65 0
25 0.675 2.15 0
25 0.675 2.65 0
25 0.675 3.15 0
25 0.675 3.65 0
25 0.675 4.15 0
25 0.675 4.65 0
25 0.725 0.15 1.47812
25 0.725 0.65 15.384
25 0.725 1.15 9.12924
25 0.725 1.65 0
25 0.725 2.15 0
25 0.725 2.65 0
25 0.725 3.15 0
25 0.725 3.65 0
25 0.725 4.15 0
25 0.725 4.65 0
25 0.775 0.15 1.04288
25 0.775 0.65 10.8541
25 0.775 1.15 6.44111
25 0.775 1.65 0
25 0.775 2.15 0
25 0.775 2.65 0
25 0.775 3.15 0
25 0.775 3.65 0
25 0.775 4.15 0
25 0.775 4.65 0
25 0.825 0.15 0.261583
25 0.825 0.65 2.7225
25 0.825 1.15 1.6156
25 0.825 1.65 0
25 0.825 2.15 0
25 0.825 2.65 0
25 0.825 3.15 0
25 0.825 3.65 0
25 0.825 4.15 0
25 0.825 4.65 0
25 0.875 0.15 0.0259687
25 0.875 0.65 0.270276
25 0.875 1.15 0.160389
25 0.875 1.65 0
25 0.875 2.15 0
25 0.875 2.65 0
25 0.875 3.15 0
25 0.875 3.65 0
25 0.875 4.15 0
25 0.875 4.65 0
35 0.525 0.15 0.0291285
35 0.525 0.65 0.303163
35 0.525 1.15 0.179905
35 0.525 1.65 0
35 0.525 2.15 0
35 0.525 2.65 0
35 0.525 3.15 0
35 0.525 3.65 0
35 0.525 4.15 0
35 0.525 4.65 0
35 0.575 0.15 0.0269637
35 0.575 0.65 0.280632
35 0.575 1.15 0.166534
35 0.575 1.65 0
35 0.575 2.15 0
35 0.575 2.65 0
35 0.575 3.15 0
35 0.575 3.65 0
35 0.575 4.15 0
35 0.575 4.65 0
35 0.625 0.15 0.0997371
35 0.625 0.65 1.03804
35 0.625 1.15 0.616001
35 0.625 1.65 0
35 0.625 2.15 0
35 0.625 2.65 0
35 0.625 3.15 0
35 0.625 3.65 0
35 0.625 4.15 0
35 0.625 4.65 0
35 0.675 0.15 0.509594
35 0.675 0.65 5.30375
35 0.675 1.15 3.14738
35 0.675 1.65 0
35 0.675 2.15 0
35 0.675 2.65 0
35 0.675 3.15 0
35 0.675 3.65 0
35 0.675 4.15 0
35 0.675 4.65 0
35 0.725 0.15 1.22384
35 0.725 0.65 12.7375
35 0.725 1.15 7.55877
35 0.725 1.65 0
35 0.725 2.15 0
35 0.725 2.65 0
35 0.725 3.15 0
35 0.725 3.65 0
35 0.725 4.15 0
35 0.725 4.65 0
35 0.775 0.15 1.01152
35 0.775 0.65 10.5277
35 0.775 1.15 6.24743
35 0.775 1.65 0
35 0.775 2.15 0
35 0.775 2.65 0
35 0.775 3.15 0
35 0.775 3.65 0
35 0.775 4.15 0
35 0.775 4.65 0
35 0.825 0.15 0.221457
35 0.825 0.65 2.30488
35 0.825 1.15 1.36778
35 0.825 1.65 0
35 0.825 2.15 0
35 0.825 2.65 0
35 0.825 3.15 0
35 0.825 3.65 0
35 0.825 4.15 0
35 0.825 4.65 0
35 0.875 0.15 0.00756837
35 0.875 0.65 0.07877
35 0.875 1.15 0.0467441
35 0.875 1.65 0
35 0.875 2.15 0
35 0.875 2.65 0
35 0.875 3.15 0
35 0.875 3.65 0
35 0.875 4.15 0
35 0.875 4.65 0
45 0.525 0.15 0.0194917
45 0.525 0.65 0.202865
45 0.525 1.15 0.120385
45 0.525 1.65 0
45 0.525 2.15 0
45 0.525 2.65 0
45 0.525 3.15 0
45 0.525 3.65 0
45 0.525 4.15 0
45 0.525 4.65 0
45 0.575 0.15 0.0228928
45 0.575 0.65 0.238264
45 0.575 1.15 0.141392
45 0.575 1.65 0
45 0.575 2.15 0
45 0.575 2.65 0
45 0.575 3.15 0
45 0.575 3.65 0
45 0.575 4.15 0
45 0.575 4.65 0
45 0.625 0.15 0.0542356
45 0.625 0.65 0.564473
45 0.625 1.15 0.334973
45 0.625 1.65 0
45 0.625 2.15 0
45 0.625 2.65 0
45 0.625 3.15 0
45 0.625 3.65 0
45 0.625 4.15 0
45 0.625 4.65 0
45 0.675 0.15 0.234225
45 0.675 0.65 2.43777
45 0.675 1.15 1.44663
45 0.675 1.65 0
45 0.675 2.15 0
45 0.675 2.65 0
45 0.675 3.15 0
45 0.675 3.65 0
45 0.675 4.15 0
45 0.675 4.65 0
45 0.725 0.15 0.793838
45 0.725 0.65 8.26211
45 0.725 1.15 4.90295
45 0.725 1.65 0
45 0.725 2.15 0
45 0.725 2.65 0
45 0.725 3.15 0
45 0.725 3.65 0
45 0.725 4.15 0
45 0.725 4.65 0
45 0.775 0.15 0.990152
45 0.775 0.65 10.3053
45 0.775 1.15 6.11543
45 0.775 1.65 0
45 0.775 2.15 0
45 0.775 2.65 0
45 0.775 3.15 0
45 0.775 3.65 0
45 0.775 4.15 0
45 0.775 4.65 0
45 0.825 0.15 0.218297
45 0.825 0.65 2.272
45 0.825 1.15 1.34826
45 0.825 1.65 0
45 0.825 2.15 0
45 0.825 2.65 0
45 0.825 3.15 0
45 0.825 3.65 0
45 0.825 4.15 0
45 0.825 4.65 0
45 0.875 0.15 0.00678746
45 0.875 0.65 0.0706425
45 0.875 1.15 0.0419211
45 0.875 1.65 0
45 0.875 2.15 0
45 0.875 2.65 0
45 0.875 3.15 0
45 0.875 3.65 0
45 0.875 4.15 0
45 0.875 4.65 0
55 0.525 0.15 0.024671
55 0.525 0.65 0.256771
55 0.525 1.15 0.152374
55 0.525 1.65 0
55 0.525 2.15 0
55 0.525 2.65 0
55 0.525 3.15 0
55 0.525 3.65 0
55 0.525 4.15 0
55 0.525 4.65 0
55 0.575 0.15 0.0238293
55 0.575 0.65 0.248011
55 0.575 1.15 0.147176
55 0.575 1.65 0
55 0.575 2.15 0
55 0.575 2.65 0
55 0.575 3.15 0
55 0.575 3.65 0
55 0.575 4.15 0
55 0.575 4.65 0
55 0.625 0.15 0.0289409
55 0.625 0.65 0.301211
55 0.625 1.15 0.178746
55 0.625 1.65 0
55 0.625 2.15 0
55 0.625 2.65 0
55 0.625 3.15 0
55 0.625 3.65 0
55 0.625 4.15 0
55 0.625 4.65 0
55 0.675 0.15 0.179514
55 0.675 0.65 1.86834
55 0.675 1.15 1.10872
55 0.675 1.65 0
55 0.675 2.15 0
55 0.675 2.65 0
55 0.675 3.15 0
55 0.675 3.65 0
55 0.675 4.15 0
55 0.675 4.65 0
55 0.725 0.15 0.658283
55 0.725 0.65 6.85127
55 0.725 1.15 4.06572
55 0.725 1.65 0
55 0.725 2.15 0
55 0.725 2.65 0
55 0.725 3.15 0
55 0.725 3.65 0
55 0.725 4.15 0
55 0.725 4.65 0
55 0.775 0.15 0.826749
55 0.775 0.65 8.60463
55 0.775 1.15 5.10621
55 0.775 1.65 0
55 0.775 2.15 0
55 0.775 2.65 0
55 0.775 3.15 0
55 0.775 3.65 0
55 0.775 4.15 0
55 0.775 4.65 0
55 0.825 0.15 0.202282
55 0.825 0.65 2.10531
55 0.825 1.15 1.24934
55 0.825 1.65 0
55 0.825 2.15 0
55 0.825 2.65 0
55 0.825 3.15 0
55 0.825 3.65 0
55 0.825 4.15 0
55 0.825 4.65 0
55 0.875 0.15 0.0033931
55 0.875 0.65 0.0353147
55 0.875 1.15 0.0209567
55 0.875 1.65 0
55 0.875 2.15 0
55 0.875 2.65 0
55 0.875 3.15 0
55 0.875 3.65 0
55 0.875 4.15 0
55 0.875 4.65 0
65 0.525 0.15 0.0136283
65 0.525 0.65 0.141841
65 0.525 1.15 0.084172
65 0.525 1.65 0
65 0.525 2.15 0
65 0.525 2.65 0
65 0.525 3.15 0
65 0.525 3.65 0
65 0.525 4.15 0
65 0.525 4.65 0
65 0.575 0.15 0.0136275
65 0.575 0.65 0.141832
65 0.575 1.15 0.084167
65 0.575 1.65 0
65 0.575 2.15 0
65 0.575 2.65 0
65 0.575 3.15 0
65 0.575 3.65 0
65 0.575 4.15 0
65 0.575 4.65 0
65 0.625 0.15 0.0306569
65 0.625 0.65 0.319071
65 0.625 1.15 0.189345
65 0.625 1.65 0
65 0.625 2.15 0
65 0.625 2.65 0
65 0.625 3.15 0
65 0.625 3.65 0
65 0.625 4.15 0
65 0.625 4.65 0
65 0.675 0.15 0.141408
65 0.675 0.65 1.47175
65 0.675 1.15 0.873372
65 0.675 1.65 0
65 0.675 2.15 0
65 0.675 2.65 0
65 0.675 3.15 0
65 0.675 3.65 0
65 0.675 4.15 0
65 0.675 4.65 0
65 0.725 0.15 0.645826
65 0.725 0.65 6.72163
65 0.725 1.15 3.98879
65 0.725 1.65 0
65 0.725 2.15 0
65 0.725 2.65 0
65 0.725 3.15 0
65 0.725 3.65 0
65 0.725 4.15 0
65 0.725 4.65 0
65 0.775 0.15 0.824944
65 0.775 0.65 8.58585
65 0.775 1.15 5.09506
65 0.775 1.65 0
65 0.775 2.15 0
65 0.775 2.65 0
65 0.775 3.15 0
65 0.775 3.65 0
65 0.775 4.15 0
65 0.775 4.65 0
65 0.825 0.15 0.192478
65 0.825 0.65 2.00327
65 0.825 1.15 1.18879
65 0.825 1.65 0
65 0.825 2.15 0
65 0.825 2.65 0
65 0.825 3.15 0
65 0.825 3.65 0
65 0.825 4.15 0
65 0.825 4.65 0
65 0.875 0.15 0.00170209
65 0.875 0.65 0.017715
65 0.875 1.15 0.0105126
65 0.875 1.65 0
65 0.875 2.15 0
65 0.875 2.65 0
65 0.875 3.15 0
65 0.875 3.65 0
65 0.875 4.15 0
65 0.875 4.65 0
75 0.525 0.15 0.0221059
75 0.525 0.65 0.230074
75 0.525 1.15 0.136532
75 0.525 1.65 0
75 0.525 2.15 0
75 0.525 2.65 0
75 0.525 3.15 0
75 0.525 3.65 0
75 0.525 4.15 0
75 0.525 4.65 0
75 0.575 0.15 0.0144719
75 0.575 0.65 0.150621
75 0.575 1.15 0.0893822
75 0.575 1.65 0
75 0.575 2.15 0
75 0.575 2.65 0
75 0.575 3.15 0
75 0.575 3.65 0
75 0.575 4.15 0
75 0.575 4.65 0
75 0.625 0.15 0.0212687
75 0.625 0.65 0.221361
75 0.625 1.15 0.131361
75 0.625 1.65 0
75 0.625 2.15 0
75 0.625 2.65 0
75 0.625 3.15 0
75 0.625 3.65 0
75 0.625 4.15 0
75 0.625 4.65 0
75 0.675 0.15 0.110114
75 0.675 0.65 1.14604
75 0.675 1.15 0.680092
75 0.675 1.65 0
75 0.675 2.15 0
75 0.675 2.65 0
75 0.675 3.15 0
75 0.675 3.65 0
75 0.675 4.15 0
75 0.675 4.65 0
75 0.725 0.15 0.521316
75 0.725 0.65 5.42575
75 0.725 1.15 3.21978
75 0.725 1.65 0
75 0.725 2.15 0
75 0.725 2.65 0
75 0.725 3.15 0
75 0.725 3.65 0
75 0.725 4.15 0
75 0.725 4.65 0
75 0.775 0.15 0.666002
75 0.775 0.65 6.93161
75 0.775 1.15 4.1134
75 0.775 1.65 0
75 0.775 2.15 0
75 0.775 2.65 0
75 0.775 3.15 0
75 0.775 3.65 0
75 0.775 4.15 0
75 0.775 4.65 0
75 0.825 0.15 0.133661
75 0.825 0.65 1.39112
75 0.825 1.15 0.825526
75 0.825 1.65 0
75 0.825 2.15 0
75 0.825 2.65 0
75 0.825 3.15 0
75 0.825 3.65 0
75 0.825 4.15 0
75 0.825 4.65 0
75 0.875 0.15 0.00255192
75 0.875 0.65 0.0265599
75 0.875 1.15 0.0157613
75 0.875 1.65 0
75 0.875 2.15 0
75 0.875 2.65 0
75 0.875 3.15 0
75 0.875 3.65 0
75 0.875 4.15 0
75 0.875 4.65 0
85 0.525 0.15 0.015299
85 0.525 0.65 0.159229
85 0.525 1.15 0.0944903
85 0.525 1.65 0
85 0.525 2.15 0
85 0.525 2.65 0
85 0.525 3.15 0
85 0.525 3.65 0
85 0.525 4.15 0
85 0.525 4.65 0
85 0.575 0.15 0.0212515
85 0.575 0.65 0.221181
85 0.575 1.15 0.131254
85 0.575 1.65 0
85 0.575 2.15 0
85 0.575 2.65 0
85 0.575 3.15 0
85 0.575 3.65 0
85 0.575 4.15 0
85 0.575 4.65 0
85 0.625 0.15 0.0288835
85 0.625 0.65 0.300613
85 0.625 1.15 0.178391
85 0.625 1.65 0
85 0.625 2.15 0
85 0.625 2.65 0
85 0.625 3.15 0
85 0.625 3.65 0
85 0.625 4.15 0
85 0.625 4.65 0
85 0.675 0.15 0.0896495
85 0.675 0.65 0.933054
85 0.675 1.15 0.553698
85 0.675 1.65 0
85 0.675 2.15 0
85 0.675 2.65 0
85 0.675 3.15 0
85 0.675 3.65 0
85 0.675 4.15 0
85 0.675 4.65 0
85 0.725 0.15 0.431041
85 0.725 0.65 4.48618
85 0.725 1.15 2.66222
85 0.725 1.65 0
85 0.725 2.15 0
85 0.725 2.65 0
85 0.725 3.15 0
85 0.725 3.65 0
85 0.725 4.15 0
85 0.725 4.65 0
85 0.775 0.15 0.538484
85 0.775 0.65 5.60443
85 0.775 1.15 3.32581
85 0.775 1.65 0
85 0.775 2.15 0
85 0.775 2.65 0
85 0.775 3.15 0
85 0.775 3.65 0
85 0.775 4.15 0
85 0.775 4.65 0
85 0.825 0.15 0.0799021
85 0.825 0.65 0.831605
85 0.825 1.15 0.493496
85 0.825 1.65 0
85 0.825 2.15 0
85 0.825 2.65 0
85 0.825 3.15 0
85 0.825 3.65 0
85 0.825 4.15 0
85 0.825 4.65 0
85 0.875 0.15 0
85 0.875 0.65 0
85 0.875 1.15 0
85 0.875 1.65 0
85 0.875 2.15 0
85 0.875 2.65 0
85 0.875 3.15 0
85 0.875 3.65 0
85 0.875 4.15 0
85 0.875 4.65 0
95 0.525 0.15 0.0186448
95 0.525 0.65 0.194051
95 0.525 1.15 0.115155
95 0.525 1.65 0
95 0.525 2.15 0
95 0.525 2.65 0
95 0.525 3.15 0
95 0.525 3.65 0
95 0.525 4.15 0
95 0.525 4.65 0
95 0.575 0.15 0.0237144
95 0.575 0.65 0.246815
95 0.575 1.15 0.146466
95 0.575 1.65 0
95 0.575 2.15 0
95 0.575 2.65 0
95 0.575 3.15 0
95 0.575 3.65 0
95 0.575 4.15 0
95 0.575 4.65 0
95 0.625 0.15 0.0211872
95 0.625 0.65 0.220512
95 0.625 1.15 0.130857
95 0.625 1.65 0
95 0.625 2.15 0
95 0.625 2.65 0
95 0.625 3.15 0
95 0.625 3.65 0
95 0.625 4.15 0
95 0.625 4.65 0
95 0.675 0.15 0.0732478
95 0.675 0.65 0.762347
95 0.675 1.15 0.452396
95 0.675 1.65 0
95 0.675 2.15 0
95 0.675 2.65 0
95 0.675 3.15 0
95 0.675 3.65 0
95 0.675 4.15 0
95 0.675 4.65 0
95 0.725 0.15 0.325305
95 0.725 0.65 3.3857
95 0.725 1.15 2.00916
95 0.725 1.65 0
95 0.725 2.15 0
95 0.725 2.65 0
95 0.725 3.15 0
95 0.725 3.65 0
95 0.725 4.15 0
95 0.725 4.65 0
95 0.775 0.15 0.506099
95 0.775 0.65 5.26738
95 0.775 1.15 3.1258
95 0.775 1.65 0
95 0.775 2.15 0
95 0.775 2.65 0
95 0.775 3.15 0
95 0.775 3.65 0
95 0.775 4.15 0
95 0.775 4.65 0
95 0.825 0.15 0.0577135
95 0.825 0.65 0.60067
95 0.825 1.15 0.356453
95 0.825 1.65 0
95 0.825 2.15 0
95 0.825 2.65 0
95 0.825 3.15 0
95 0.825 3.65 0
95 0.825 4.15 0
95 0.825 4.65 0
95 0.875 0.15 0
95 0.875 0.65 0
95 0.875 1.15 0
95 0.875 1.65 0
95 0.875 2.15 0
95 0.875 2.65 0
95 0.875 3.15 0
95 0.875 3.65 0
95 0.875 4.15 0
95 0.875 4.65 0
105 0.525 0.15 0.0388993
105 0.525 0.65 0.404856
105 0.525 1.15 0.240252
105 0.525 1.65 0
105 0.525 2.15 0
105 0.525 2.65 0
105 0.525 3.15 0
105 0.525 3.65 0
105 0.525 4.15 0
105 0.525 4.65 0
105 0.575 0.15 0.0169712
105 0.575 0.65 0.176632
105 0.575 1.15 0.104818
105 0.575 1.65 0
105 0.575 2.15 0
105 0.575 2.65 0
105 0.575 3.15 0
105 0.575 3.65 0
105 0.575 4.15 0
105 0.575 4.65 0
105 0.625 0.15 0.0203469
105 0.625 0.65 0.211766
105 0.625 1.15 0.125667
105 0.625 1.65 0
105 0.625 2.15 0
105 0.625 2.65 0
105 0.625 3.15 0
105 0.625 3.65 0
105 0.625 4.15 0
105 0.625 4.65 0
105 0.675 0.15 0.0721333
105 0.675 0.65 0.750748
105 0.675 1.15 0.445513
105 0.675 1.65 0
105 0.675 2.15 0
105 0.675 2.65 0
105 0.675 3.15 0
105 0.675 3.65 0
105 0.675 4.15 0
105 0.675 4.65 0
105 0.725 0.15 0.323563
105 0.725 0.65 3.36758
105 0.725 1.15 1.99841
105 0.725 1.65 0
105 0.725 2.15 0
105 0.725 2.65 0
105 0.725 3.15 0
105 0.725 3.65 0
105 0.725 4.15 0
105 0.725 4.65 0
105 0.775 0.15 0.38449
105 0.775 0.65 4.00169
105 0.775 1.15 2.37471
105 0.775 1.65 0
105 0.775 2.15 0
105 0.775 2.65 0
105 0.775 3.15 0
105 0.775 3.65 0
105 0.775 4.15 0
105 0.775 4.65 0
105 0.825 0.15 0.0331158
105 0.825 0.65 0.344662
105 0.825 1.15 0.204531
105 0.825 1.65 0
105 0.825 2.15 0
105 0.825 2.65 0
105 0.825 3.15 0
105 0.825 3.65 0
105 0.825 4.15 0
105 0.825 4.65 0
105 0.875 0.15 0
105 0.875 0.65 0
105 0.875 1.15 0
105 0.875 1.65 0
105 0.875 2.15 0
105 0.875 2.65 0
105 0.875 3.15 0
105 0.875 3.65 0
105 0.875 4.15 0
105 0.875 4.65 0
115 0.525 0.15 0.0195429
115 0.525 0.65 0.203398
115 0.525 1.15 0.120702
115 0.525 1.65 0
115 0.525 2.15 0
115 0.525 2.65 0
115 0.525 3.15 0
115 0.525 3.65 0
115 0.525 4.15 0
115 0.525 4.65 0
115 0.575 0.15 0.0391534
115 0.575 0.65 0.407501
115 0.575 1.15 0.241821
115 0.575 1.65 0
115 0.575 2.15 0
115 0.575 2.65 0
115 0.575 3.15 0
115 0.575 3.65 0
115 0.575 4.15 0
115 0.575 4.65 0
115 0.625 0.15 0.01104
115 0.625 0.65 0.114902
115 0.625 1.15 0.068186
115 0.625 1.65 0
115 0.625 2.15 0
115 0.625 2.65 0
115 0.625 3.15 0
115 0.625 3.65 0
115 0.625 4.15 0
115 0.625 4.65 0
115 0.675 0.15 0.0705309
115 0.675 0.65 0.734071
115 0.675 1.15 0.435617
115 0.675 1.65 0
115 0.675 2.15 0
115 0.675 2.65 0
115 0.675 3.15 0
115 0.675 3.65 0
115 0.675 4.15 0
115 0.675 4.65 0
115 0.725 0.15 0.338082
115 0.725 0.65 3.51869
115 0.725 1.15 2.08808
115 0.725 1.65 0
115 0.725 2.15 0
115 0.725 2.65 0
115 0.725 3.15 0
115 0.725 3.65 0
115 0.725 4.15 0
115 0.725 4.65 0
115 0.775 0.15 0.367129
115 0.775 0.65 3.821
115 0.775 1.15 2.26748
115 0.775 1.65 0
115 0.775 2.15 0
115 0.775 2.65 0
115 0.775 3.15 0
115 0.775 3.65 0
115 0.775 4.15 0
115 0.775 4.65 0
115 0.825 0.15 0.0212326
115 0.825 0.65 0.220985
115 0.825 1.15 0.131138
115 0.825 1.65 0
115 0.825 2.15 0
115 0.825 2.65 0
115 0.825 3.15 0
115 0.825 3.65 0
115 0.825 4.15 0
115 0.825 4.65 0
115 0.875 0.15 0
115 0.875 0.65 0
115 0.875 1.15 0
115 0.875 1.65 0
115 0.875 2.15 0
115 0.875 2.65 0
115 0.875 3.15 0
115 0.875 3.65 0
115 0.875 4.15 0
115 0.875 4.65 0
