0.25 1.01299 0
0.75 3.01972 9.22736e-06
1.25 5.00158 0.031002
1.75 6.95946 0.167881
2.25 8.89423 0.29056
2.75 10.8067 0.381377
3.25 12.6976 0.450267
3.75 14.5676 0.499538
4.25 16.4174 0.546205
4.75 18.2477 0.592432
5.25 20.0591 0.640023
5.75 21.8521 0.69097
6.25 23.6274 0.735507
6.75 25.3853 0.774984
7.25 27.1264 0.807046
7.75 28.8512 0.833099
8.25 30.5602 0.854836
8.75 32.2537 0.86797
9.25 33.9322 0.886596
9.75 35.596 0.897765
10.25 37.2456 0.904381
10.75 38.8812 0.917589
11.25 40.5034 0.922374
11.75 42.1123 0.931946
12.25 43.7083 0.933409
12.75 45.2917 0.935383
13.25 46.8628 0.939727
13.75 48.4218 0.942343
14.25 49.9692 0.945725
14.75 51.505 0.943256
15.25 53.0296 0.946411
15.75 54.5432 0.946268
16.25 56.0461 0.948775
16.75 57.5384 0.949509
17.25 59.0204 0.947023
17.75 60.4923 0.953594
18.25 61.9543 0.950651
18.75 63.4066 0.950507
19.25 64.8493 0.951369
19.75 66.2828 0.952121
20.25 67.7071 0.952105
20.75 69.1224 0.951542
21.25 70.529 0.958516
21.75 71.9268 0.951518
22.25 73.3162 0.953387
22.75 74.6973 0.959864
23.25 76.0701 0.954785
23.75 77.435 0.952641
24.25 78.7919 0.959152
24.75 80.141 0.951771
25.25 81.4825 0.95512
25.75 82.8166 0.958299
26.25 84.1432 0.955266
26.75 85.4625 0.958184
27.25 86.7748 0.954054
27.75 88.0799 0.953214
28.25 89.3782 0.954555
28.75 90.6697 0.956189
29.25 91.9544 0.957524
29.75 93.2326 0.95672
30.25 94.5043 0.954295
30.75 95.7695 0.956221
31.25 97.0285 0.958496
31.75 98.2812 0.955632
32.25 99.5279 0.955326
32.75 100.768 0.958421
33.25 102.003 0.956311
33.75 103.232 0.955896
34.25 104.455 0.960714
34.75 105.672 0.959843
35.25 106.884 0.963477
35.75 108.09 0.957844
36.25 109.291 0.959852
36.75 110.486 0.957749
37.25 111.676 0.961089
37.75 112.861 0.962893
38.25 114.04 0.958972
38.75 115.215 0.957391
39.25 116.384 0.960114
39.75 117.549 0.96345

