5 0.525 0.15 1.0338
5 0.525 0.65 3.71085
5 0.525 1.15 1.74431
5 0.525 1.65 1.3849
5 0.525 2.15 1.10683
5 0.525 2.65 0.884794
5 0.525 3.15 0.707412
5 0.525 3.65 0.562577
5 0.525 4.15 0.446571
5 0.525 4.65 0.356438
5 0.575 0.15 1.36485
5 0.575 0.65 4.89918
5 0.575 1.15 2.30289
5 0.575 1.65 1.82839
5 0.575 2.15 1.46127
5 0.575 2.65 1.16813
5 0.575 3.15 0.933946
5 0.575 3.65 0.742732
5 0.575 4.15 0.589577
5 0.575 4.65 0.47058
5 0.625 0.15 1.51304
5 0.625 0.65 5.43111
5 0.625 1.15 2.55293
5 0.625 1.65 2.02691
5 0.625 2.15 1.61993
5 0.625 2.65 1.29496
5 0.625 3.15 1.03535
5 0.625 3.65 0.823374
5 0.625 4.15 0.653591
5 0.625 4.65 0.521674
5 0.675 0.15 1.34736
5 0.675 0.65 4.83636
5 0.675 1.15 2.27336
5 0.675 1.65 1.80495
5 0.675 2.15 1.44254
5 0.675 2.65 1.15315
5 0.675 3.15 0.921972
5 0.675 3.65 0.733209
5 0.675 4.15 0.582018
5 0.675 4.65 0.464547
5 0.725 0.15 0.933513
5 0.725 0.65 3.35087
5 0.725 1.15 1.5751
5 0.725 1.65 1.25056
5 0.725 2.15 0.999458
5 0.725 2.65 0.798961
5 0.725 3.15 0.638787
5 0.725 3.65 0.508003
5 0.725 4.15 0.40325
5 0.725 4.65 0.321861
5 0.775 0.15 0.465901
5 0.775 0.65 1.67236
5 0.775 1.15 0.786104
5 0.775 1.65 0.624132
5 0.775 2.15 0.498813
5 0.775 2.65 0.398748
5 0.775 3.15 0.318808
5 0.775 3.65 0.253536
5 0.775 4.15 0.201255
5 0.775 4.65 0.160635
5 0.825 0.15 0.146551
5 0.825 0.65 0.526047
5 0.825 1.15 0.247271
5 0.825 1.65 0.196323
5 0.825 2.15 0.156903
5 0.825 2.65 0.125428
5 0.825 3.15 0.100282
5 0.825 3.65 0.0797504
5 0.825 4.15 0.0633055
5 0.825 4.65 0.0505283
5 0.875 0.15 0.00988393
5 0.875 0.65 0.0354786
5 0.875 1.15 0.0166769
5 0.875 1.65 0.0132407
5 0.875 2.15 0.0105822
5 0.875 2.65 0.00845931
5 0.875 3.15 0.0067634
5 0.875 3.65 0.00537868
5 0.875 4.15 0.00426957
5 0.875 4.65 0.00340783
15 0.525 0.15 0.0860072
15 0.525 0.65 0.308725
15 0.525 1.15 0.145118
15 0.525 1.65 0.115217
15 0.525 2.15 0.0920829
15 0.525 2.65 0.0736106
15 0.525 3.15 0.0588532
15 0.525 3.65 0.0468037
15 0.525 4.15 0.0371526
15 0.525 4.65 0.0296539
15 0.575 0.15 0.263946
15 0.575 0.65 0.947439
15 0.575 1.15 0.445349
15 0.575 1.65 0.353588
15 0.575 2.15 0.282591
15 0.575 2.65 0.225902
15 0.575 3.15 0.180613
15 0.575 3.65 0.143635
15 0.575 4.15 0.114017
15 0.575 4.65 0.0910043
15 0.625 0.15 0.586857
15 0.625 0.65 2.10654
15 0.625 1.15 0.99019
15 0.625 1.65 0.786167
15 0.625 2.15 0.628313
15 0.625 2.65 0.50227
15 0.625 3.15 0.401576
15 0.625 3.65 0.319358
15 0.625 4.15 0.253505
15 0.625 4.65 0.202339
15 0.675 0.15 0.881225
15 0.675 0.65 3.16318
15 0.675 1.15 1.48687
15 0.675 1.65 1.18051
15 0.675 2.15 0.943477
15 0.675 2.65 0.75421
15 0.675 3.15 0.603007
15 0.675 3.65 0.479549
15 0.675 4.15 0.380664
15 0.675 4.65 0.303833
15 0.725 0.15 0.824199
15 0.725 0.65 2.95848
15 0.725 1.15 1.39065
15 0.725 1.65 1.10412
15 0.725 2.15 0.882422
15 0.725 2.65 0.705404
15 0.725 3.15 0.563985
15 0.725 3.65 0.448516
15 0.725 4.15 0.35603
15 0.725 4.65 0.284171
15 0.775 0.15 0.433437
15 0.775 0.65 1.55583
15 0.775 1.15 0.731329
15 0.775 1.65 0.580643
15 0.775 2.15 0.464056
15 0.775 2.65 0.370964
15 0.775 3.15 0.296593
15 0.775 3.65 0.235869
15 0.775 4.15 0.187232
15 0.775 4.65 0.149442
15 0.825 0.15 0.113312
15 0.825 0.65 0.406736
15 0.825 1.15 0.191189
15 0.825 1.65 0.151795
15 0.825 2.15 0.121316
15 0.825 2.65 0.0969797
15 0.825 3.15 0.0775374
15 0.825 3.65 0.0616625
15 0.825 4.15 0.0489474
15 0.825 4.65 0.0390682
15 0.875 0.15 0.0122955
15 0.875 0.65 0.0441351
15 0.875 1.15 0.020746
15 0.875 1.65 0.0164714
15 0.875 2.15 0.0131641
15 0.875 2.65 0.0105233
15 0.875 3.15 0.00841362
15 0.875 3.65 0.00669103
15 0.875 4.15 0.00531131
15 0.875 4.65 0.00423931
25 0.525 0.15 0.000441479
25 0.525 0.65 0.0015847
25 0.525 1.15 0.000744898
25 0.525 1.65 0.000591416
25 0.525 2.15 0.000472666
25 0.525 2.65 0.000377847
25 0.525 3.15 0.000302097
25 0.525 3.65 0.000240246
25 0.525 4.15 0.000190706
25 0.525 4.65 0.000152215
25 0.575 0.15 0.00653026
25 0.575 0.65 0.0234405
25 0.575 1.15 0.0110184
25 0.575 1.65 0.00874809
25 0.575 2.15 0.00699157
25 0.575 2.65 0.00558903
25 0.575 3.15 0.00446855
25 0.575 3.65 0.00355366
25 0.575 4.15 0.00282088
25 0.575 4.65 0.00225153
25 0.625 0.15 0.0491526
25 0.625 0.65 0.176434
25 0.625 1.15 0.082934
25 0.625 1.65 0.0658459
25 0.625 2.15 0.0526248
25 0.625 2.65 0.042068
25 0.625 3.15 0.0336342
25 0.625 3.65 0.026748
25 0.625 4.15 0.0212325
25 0.625 4.65 0.016947
25 0.675 0.15 0.185464
25 0.675 0.65 0.665728
25 0.675 1.15 0.31293
25 0.675 1.65 0.248452
25 0.675 2.15 0.198566
25 0.675 2.65 0.158732
25 0.675 3.15 0.12691
25 0.675 3.65 0.100927
25 0.675 4.15 0.0801151
25 0.675 4.65 0.0639452
25 0.725 0.15 0.320991
25 0.725 0.65 1.15221
25 0.725 1.15 0.541602
25 0.725 1.65 0.430008
25 0.725 2.15 0.343667
25 0.725 2.65 0.274725
25 0.725 3.15 0.219649
25 0.725 3.65 0.174678
25 0.725 4.15 0.138659
25 0.725 4.65 0.110673
25 0.775 0.15 0.229671
25 0.775 0.65 0.82441
25 0.775 1.15 0.387519
25 0.775 1.65 0.307673
25 0.775 2.15 0.245896
25 0.775 2.65 0.196568
25 0.775 3.15 0.15716
25 0.775 3.65 0.124983
25 0.775 4.15 0.0992112
25 0.775 4.65 0.079187
25 0.825 0.15 0.0593975
25 0.825 0.65 0.213209
25 0.825 1.15 0.10022
25 0.825 1.65 0.0795702
25 0.825 2.15 0.0635934
25 0.825 2.65 0.0508362
25 0.825 3.15 0.0406447
25 0.825 3.65 0.0323231
25 0.825 4.15 0.025658
25 0.825 4.65 0.0204793
25 0.875 0.15 0.0046354
25 0.875 0.65 0.0166389
25 0.875 1.15 0.00782121
25 0.875 1.65 0.00620969
25 0.875 2.15 0.00496286
25 0.875 2.65 0.00396728
25 0.875 3.15 0.00317193
25 0.875 3.65 0.00252251
25 0.875 4.15 0.00200236
25 0.875 4.65 0.00159821
35 0.525 0.15 1.64809e-06
35 0.525 0.65 5.91587e-06
35 0.525 1.15 2.78079e-06
35 0.525 1.65 2.20783e-06
35 0.525 2.15 1.76452e-06
35 0.525 2.65 1.41055e-06
35 0.525 3.15 1.12776e-06
35 0.525 3.65 8.96866e-07
35 0.525 4.15 7.11928e-07
35 0.525 4.65 5.68237e-07
35 0.575 0.15 0.000119287
35 0.575 0.65 0.000428185
35 0.575 1.15 0.000201271
35 0.575 1.65 0.0001598
35 0.575 2.15 0.000127714
35 0.575 2.65 0.000102094
35 0.575 3.15 8.16263e-05
35 0.575 3.65 6.49143e-05
35 0.575 4.15 5.15287e-05
35 0.575 4.65 4.11284e-05
35 0.625 0.15 0.00275911
35 0.625 0.65 0.00990388
35 0.625 1.15 0.00465538
35 0.625 1.65 0.00369616
35 0.625 2.15 0.00295402
35 0.625 2.65 0.00236142
35 0.625 3.15 0.00188801
35 0.625 3.65 0.00150146
35 0.625 4.15 0.00119185
35 0.625 4.65 0.000951297
35 0.675 0.15 0.0253829
35 0.675 0.65 0.0911124
35 0.675 1.15 0.0428279
35 0.675 1.65 0.0340035
35 0.675 2.15 0.027176
35 0.675 2.65 0.0217243
35 0.675 3.15 0.0173691
35 0.675 3.65 0.0138129
35 0.675 4.15 0.0109646
35 0.675 4.65 0.00875161
35 0.725 0.15 0.0792739
35 0.725 0.65 0.284556
35 0.725 1.15 0.133757
35 0.725 1.65 0.106197
35 0.725 2.15 0.084874
35 0.725 2.65 0.0678478
35 0.725 3.15 0.0542458
35 0.725 3.65 0.0431396
35 0.725 4.15 0.034244
35 0.725 4.65 0.0273324
35 0.775 0.15 0.0762231
35 0.775 0.65 0.273605
35 0.775 1.15 0.128609
35 0.775 1.65 0.10211
35 0.775 2.15 0.0816076
35 0.775 2.65 0.0652367
35 0.775 3.15 0.0521581
35 0.775 3.65 0.0414794
35 0.775 4.15 0.0329261
35 0.775 4.65 0.0262805
35 0.825 0.15 0.0198649
35 0.825 0.65 0.0713054
35 0.825 1.15 0.0335175
35 0.825 1.65 0.0266114
35 0.825 2.15 0.0212682
35 0.825 2.65 0.0170016
35 0.825 3.15 0.0135932
35 0.825 3.65 0.0108101
35 0.825 4.15 0.00858104
35 0.825 4.65 0.00684909
35 0.875 0.15 0.0011431
35 0.875 0.65 0.0041032
35 0.875 1.15 0.00192873
35 0.875 1.65 0.00153133
35 0.875 2.15 0.00122386
35 0.875 2.65 0.000978343
35 0.875 3.15 0.000782206
35 0.875 3.65 0.000622059
35 0.875 4.15 0.000493787
35 0.875 4.65 0.000394124
45 0.525 0.15 0
45 0.525 0.65 0
45 0.525 1.15 0
45 0.525 1.65 0
45 0.525 2.15 0
45 0.525 2.65 0
45 0.525 3.15 0
45 0.525 3.65 0
45 0.525 4.15 0
45 0.525 4.65 0
45 0.575 0.15 0
45 0.575 0.65 0
45 0.575 1.15 0
45 0.575 1.65 0
45 0.575 2.15 0
45 0.575 2.65 0
45 0.575 3.15 0
45 0.575 3.65 0
45 0.575 4.15 0
45 0.575 4.65 0
45 0.625 0.15 2.17451e-05
45 0.625 0.65 7.80547e-05
45 0.625 1.15 3.66901e-05
45 0.625 1.65 2.91303e-05
45 0.625 2.15 2.32813e-05
45 0.625 2.65 1.86109e-05
45 0.625 3.15 1.48798e-05
45 0.625 3.65 1.18334e-05
45 0.625 4.15 9.39326e-06
45 0.625 4.65 7.49738e-06
45 0.675 0.15 0.000459205
45 0.675 0.65 0.00164833
45 0.675 1.15 0.000774806
45 0.675 1.65 0.000615161
45 0.675 2.15 0.000491644
45 0.675 2.65 0.000393017
45 0.675 3.15 0.000314226
45 0.675 3.65 0.000249892
45 0.675 4.15 0.000198363
45 0.675 4.65 0.000158327
45 0.725 0.15 0.00241396
45 0.725 0.65 0.00866497
45 0.725 1.15 0.00407302
45 0.725 1.65 0.0032338
45 0.725 2.15 0.00258449
45 0.725 2.65 0.00206603
45 0.725 3.15 0.00165183
45 0.725 3.65 0.00131364
45 0.725 4.15 0.00104276
45 0.725 4.65 0.000832296
45 0.775 0.15 0.00302255
45 0.775 0.65 0.0108495
45 0.775 1.15 0.00509988
45 0.775 1.65 0.00404908
45 0.775 2.15 0.00323607
45 0.775 2.65 0.0025869
45 0.775 3.15 0.00206828
45 0.775 3.65 0.00164482
45 0.775 4.15 0.00130565
45 0.775 4.65 0.00104213
45 0.825 0.15 0.000832692
45 0.825 0.65 0.00298897
45 0.825 1.15 0.00140498
45 0.825 1.65 0.00111549
45 0.825 2.15 0.000891515
45 0.825 2.65 0.000712672
45 0.825 3.15 0.000569797
45 0.825 3.65 0.000453137
45 0.825 4.15 0.000359698
45 0.825 4.65 0.000287099
45 0.875 0.15 3.73486e-05
45 0.875 0.65 0.000134064
45 0.875 1.15 6.30174e-05
45 0.875 1.65 5.0033e-05
45 0.875 2.15 3.99869e-05
45 0.875 2.65 3.19653e-05
45 0.875 3.15 2.5557e-05
45 0.875 3.65 2.03245e-05
45 0.875 4.15 1.61335e-05
45 0.875 4.65 1.28772e-05
55 0.525 0.15 0
55 0.525 0.65 0
55 0.525 1.15 0
55 0.525 1.65 0
55 0.525 2.15 0
55 0.525 2.65 0
55 0.525 3.15 0
55 0.525 3.65 0
55 0.525 4.15 0
55 0.525 4.65 0
55 0.575 0.15 0
55 0.575 0.65 0
55 0.575 1.15 0
55 0.575 1.65 0
55 0.575 2.15 0
55 0.575 2.65 0
55 0.575 3.15 0
55 0.575 3.65 0
55 0.575 4.15 0
55 0.575 4.65 0
55 0.625 0.15 0
55 0.625 0.65 0
55 0.625 1.15 0
55 0.625 1.65 0
55 0.625 2.15 0
55 0.625 2.65 0
55 0.625 3.15 0
55 0.625 3.65 0
55 0.625 4.15 0
55 0.625 4.65 0
55 0.675 0.15 9.32995e-08
55 0.675 0.65 3.34901e-07
55 0.675 1.15 1.57422e-07
55 0.675 1.65 1.24986e-07
55 0.675 2.15 9.98904e-08
55 0.675 2.65 7.98519e-08
55 0.675 3.15 6.38433e-08
55 0.675 3.65 5.07721e-08
55 0.675 4.15 4.03027e-08
55 0.675 4.65 3.21682e-08
55 0.725 0.15 4.269e-07
55 0.725 0.65 1.53237e-06
55 0.725 1.15 7.20299e-07
55 0.725 1.65 5.71886e-07
55 0.725 2.15 4.57058e-07
55 0.725 2.65 3.65369e-07
55 0.725 3.15 2.92121e-07
55 0.725 3.65 2.32312e-07
55 0.725 4.15 1.84408e-07
55 0.725 4.65 1.47189e-07
55 0.775 0.15 1.63357e-06
55 0.775 0.65 5.86374e-06
55 0.775 1.15 2.75629e-06
55 0.775 1.65 2.18837e-06
55 0.775 2.15 1.74897e-06
55 0.775 2.65 1.39812e-06
55 0.775 3.15 1.11782e-06
55 0.775 3.65 8.88962e-07
55 0.775 4.15 7.05654e-07
55 0.775 4.65 5.63229e-07
55 0.825 0.15 1.87637e-07
55 0.825 0.65 6.73526e-07
55 0.825 1.15 3.16595e-07
55 0.825 1.65 2.51362e-07
55 0.825 2.15 2.00892e-07
55 0.825 2.65 1.60592e-07
55 0.825 3.15 1.28396e-07
55 0.825 3.65 1.02109e-07
55 0.825 4.15 8.10535e-08
55 0.825 4.65 6.46941e-08
55 0.875 0.15 0
55 0.875 0.65 0
55 0.875 1.15 0
55 0.875 1.65 0
55 0.875 2.15 0
55 0.875 2.65 0
55 0.875 3.15 0
55 0.875 3.65 0
55 0.875 4.15 0
55 0.875 4.65 0
65 0.525 0.15 0
65 0.525 0.65 0
65 0.525 1.15 0
65 0.525 1.65 0
65 0.525 2.15 0
65 0.525 2.65 0
65 0.525 3.15 0
65 0.525 3.65 0
65 0.525 4.15 0
65 0.525 4.65 0
65 0.575 0.15 0
65 0.575 0.65 0
65 0.575 1.15 0
65 0.575 1.65 0
65 0.575 2.15 0
65 0.575 2.65 0
65 0.575 3.15 0
65 0.575 3.65 0
65 0.575 4.15 0
65 0.575 4.65 0
65 0.625 0.15 0
65 0.625 0.65 0
65 0.625 1.15 0
65 0.625 1.65 0
65 0.625 2.15 0
65 0.625 2.65 0
65 0.625 3.15 0
65 0.625 3.65 0
65 0.625 4.15 0
65 0.625 4.65 0
65 0.675 0.15 0
65 0.675 0.65 0
65 0.675 1.15 0
65 0.675 1.65 0
65 0.675 2.15 0
65 0.675 2.65 0
65 0.675 3.15 0
65 0.675 3.65 0
65 0.675 4.15 0
65 0.675 4.65 0
65 0.725 0.15 0
65 0.725 0.65 0
65 0.725 1.15 0
65 0.725 1.65 0
65 0.725 2.15 0
65 0.725 2.65 0
65 0.725 3.15 0
65 0.725 3.65 0
65 0.725 4.15 0
65 0.725 4.65 0
65 0.775 0.15 0
65 0.775 0.65 0
65 0.775 1.15 0
65 0.775 1.65 0
65 0.775 2.15 0
65 0.775 2.65 0
65 0.775 3.15 0
65 0.775 3.65 0
65 0.775 4.15 0
65 0.775 4.65 0
65 0.825 0.15 0
65 0.825 0.65 0
65 0.825 1.15 0
65 0.825 1.65 0
65 0.825 2.15 0
65 0.825 2.65 0
65 0.825 3.15 0
65 0.825 3.65 0
65 0.825 4.15 0
65 0.825 4.65 0
65 0.875 0.15 0
65 0.875 0.65 0
65 0.875 1.15 0
65 0.875 1.65 0
65 0.875 2.15 0
65 0.875 2.65 0
65 0.875 3.15 0
65 0.875 3.65 0
65 0.875 4.15 0
65 0.875 4.65 0
75 0.525 0.15 0
75 0.525 0.65 0
75 0.525 1.15 0
75 0.525 1.65 0
75 0.525 2.15 0
75 0.525 2.65 0
75 0.525 3.15 0
75 0.525 3.65 0
75 0.525 4.15 0
75 0.525 4.65 0
75 0.575 0.15 0
75 0.575 0.65 0
75 0.575 1.15 0
75 0.575 1.65 0
75 0.575 2.15 0
75 0.575 2.65 0
75 0.575 3.15 0
75 0.575 3.65 0
75 0.575 4.15 0
75 0.575 4.65 0
75 0.625 0.15 0
75 0.625 0.65 0
75 0.625 1.15 0
75 0.625 1.65 0
75 0.625 2.15 0
75 0.625 2.65 0
75 0.625 3.15 0
75 0.625 3.65 0
75 0.625 4.15 0
75 0.625 4.65 0
75 0.675 0.15 0
75 0.675 0.65 0
75 0.675 1.15 0
75 0.675 1.65 0
75 0.675 2.15 0
75 0.675 2.65 0
75 0.675 3.15 0
75 0.675 3.65 0
75 0.675 4.15 0
75 0.675 4.65 0
75 0.725 0.15 0
75 0.725 0.65 0
75 0.725 1.15 0
75 0.725 1.65 0
75 0.725 2.15 0
75 0.725 2.65 0
75 0.725 3.15 0
75 0.725 3.65 0
75 0.725 4.15 0
75 0.725 4.65 0
75 0.775 0.15 0
75 0.775 0.65 0
75 0.775 1.15 0
75 0.775 1.65 0
75 0.775 2.15 0
75 0.775 2.65 0
75 0.775 3.15 0
75 0.775 3.65 0
75 0.775 4.15 0
75 0.775 4.65 0
75 0.825 0.15 0
75 0.825 0.65 0
75 0.825 1.15 0
75 0.825 1.65 0
75 0.825 2.15 0
75 0.825 2.65 0
75 0.825 3.15 0
75 0.825 3.65 0
75 0.825 4.15 0
75 0.825 4.65 0
75 0.875 0.15 0
75 0.875 0.65 0
75 0.875 1.15 0
75 0.875 1.65 0
75 0.875 2.15 0
75 0.875 2.65 0
75 0.875 3.15 0
75 0.875 3.65 0
75 0.875 4.15 0
75 0.875 4.65 0
85 0.525 0.15 0
85 0.525 0.65 0
85 0.525 1.15 0
85 0.525 1.65 0
85 0.525 2.15 0
85 0.525 2.65 0
85 0.525 3.15 0
85 0.525 3.65 0
85 0.525 4.15 0
85 0.525 4.65 0
85 0.575 0.15 0
85 0.575 0.65 0
85 0.575 1.15 0
85 0.575 1.65 0
85 0.575 2.15 0
85 0.575 2.65 0
85 0.575 3.15 0
85 0.575 3.65 0
85 0.575 4.15 0
85 0.575 4.65 0
85 0.625 0.15 0
85 0.625 0.65 0
85 0.625 1.15 0
85 0.625 1.65 0
85 0.625 2.15 0
85 0.625 2.65 0
85 0.625 3.15 0
85 0.625 3.65 0
85 0.625 4.15 0
85 0.625 4.65 0
85 0.675 0.15 0
85 0.675 0.65 0
85 0.675 1.15 0
85 0.675 1.65 0
85 0.675 2.15 0
85 0.675 2.65 0
85 0.675 3.15 0
85 0.675 3.65 0
85 0.675 4.15 0
85 0.675 4.65 0
85 0.725 0.15 0
85 0.725 0.65 0
85 0.725 1.15 0
85 0.725 1.65 0
85 0.725 2.15 0
85 0.725 2.65 0
85 0.725 3.15 0
85 0.725 3.65 0
85 0.725 4.15 0
85 0.725 4.65 0
85 0.775 0.15 0
85 0.775 0.65 0
85 0.775 1.15 0
85 0.775 1.65 0
85 0.775 2.15 0
85 0.775 2.65 0
85 0.775 3.15 0
85 0.775 3.65 0
85 0.775 4.15 0
85 0.775 4.65 0
85 0.825 0.15 0
85 0.825 0.65 0
85 0.825 1.15 0
85 0.825 1.65 0
85 0.825 2.15 0
85 0.825 2.65 0
85 0.825 3.15 0
85 0.825 3.65 0
85 0.825 4.15 0
85 0.825 4.65 0
85 0.875 0.15 0
85 0.875 0.65 0
85 0.875 1.15 0
85 0.875 1.65 0
85 0.875 2.15 0
85 0.875 2.65 0
85 0.875 3.15 0
85 0.875 3.65 0
85 0.875 4.15 0
85 0.875 4.65 0
95 0.525 0.15 0
95 0.525 0.65 0
95 0.525 1.15 0
95 0.525 1.65 0
95 0.525 2.15 0
95 0.525 2.65 0
95 0.525 3.15 0
95 0.525 3.65 0
95 0.525 4.15 0
95 0.525 4.65 0
95 0.575 0.15 0
95 0.575 0.65 0
95 0.575 1.15 0
95 0.575 1.65 0
95 0.575 2.15 0
95 0.575 2.65 0
95 0.575 3.15 0
95 0.575 3.65 0
95 0.575 4.15 0
95 0.575 4.65 0
95 0.625 0.15 0
95 0.625 0.65 0
95 0.625 1.15 0
95 0.625 1.65 0
95 0.625 2.15 0
95 0.625 2.65 0
95 0.625 3.15 0
95 0.625 3.65 0
95 0.625 4.15 0
95 0.625 4.65 0
95 0.675 0.15 0
95 0.675 0.65 0
95 0.675 1.15 0
95 0.675 1.65 0
95 0.675 2.15 0
95 0.675 2.65 0
95 0.675 3.15 0
95 0.675 3.65 0
95 0.675 4.15 0
95 0.675 4.65 0
95 0.725 0.15 0
95 0.725 0.65 0
95 0.725 1.15 0
95 0.725 1.65 0
95 0.725 2.15 0
95 0.725 2.65 0
95 0.725 3.15 0
95 0.725 3.65 0
95 0.725 4.15 0
95 0.725 4.65 0
95 0.775 0.15 0
95 0.775 0.65 0
95 0.775 1.15 0
95 0.775 1.65 0
95 0.775 2.15 0
95 0.775 2.65 0
95 0.775 3.15 0
95 0.775 3.65 0
95 0.775 4.15 0
95 0.775 4.65 0
95 0.825 0.15 0
95 0.825 0.65 0
95 0.825 1.15 0
95 0.825 1.65 0
95 0.825 2.15 0
95 0.825 2.65 0
95 0.825 3.15 0
95 0.825 3.65 0
95 0.825 4.15 0
95 0.825 4.65 0
95 0.875 0.15 0
95 0.875 0.65 0
95 0.875 1.15 0
95 0.875 1.65 0
95 0.875 2.15 0
95 0.875 2.65 0
95 0.875 3.15 0
95 0.875 3.65 0
95 0.875 4.15 0
95 0.875 4.65 0
105 0.525 0.15 0
105 0.525 0.65 0
105 0.525 1.15 0
105 0.525 1.65 0
105 0.525 2.15 0
105 0.525 2.65 0
105 0.525 3.15 0
105 0.525 3.65 0
105 0.525 4.15 0
105 0.525 4.65 0
105 0.575 0.15 0
105 0.575 0.65 0
105 0.575 1.15 0
105 0.575 1.65 0
105 0.575 2.15 0
105 0.575 2.65 0
105 0.575 3.15 0
105 0.575 3.65 0
105 0.575 4.15 0
105 0.575 4.65 0
105 0.625 0.15 0
105 0.625 0.65 0
105 0.625 1.15 0
105 0.625 1.65 0
105 0.625 2.15 0
105 0.625 2.65 0
105 0.625 3.15 0
105 0.625 3.65 0
105 0.625 4.15 0
105 0.625 4.65 0
105 0.675 0.15 0
105 0.675 0.65 0
105 0.675 1.15 0
105 0.675 1.65 0
105 0.675 2.15 0
105 0.675 2.65 0
105 0.675 3.15 0
105 0.675 3.65 0
105 0.675 4.15 0
105 0.675 4.65 0
105 0.725 0.15 0
105 0.725 0.65 0
105 0.725 1.15 0
105 0.725 1.65 0
105 0.725 2.15 0
105 0.725 2.65 0
105 0.725 3.15 0
105 0.725 3.65 0
105 0.725 4.15 0
105 0.725 4.65 0
105 0.775 0.15 0
105 0.775 0.65 0
105 0.775 1.15 0
105 0.775 1.65 0
105 0.775 2.15 0
105 0.775 2.65 0
105 0.775 3.15 0
105 0.775 3.65 0
105 0.775 4.15 0
105 0.775 4.65 0
105 0.825 0.15 0
105 0.825 0.65 0
105 0.825 1.15 0
105 0.825 1.65 0
105 0.825 2.15 0
105 0.825 2.65 0
105 0.825 3.15 0
105 0.825 3.65 0
105 0.825 4.15 0
105 0.825 4.65 0
105 0.875 0.15 0
105 0.875 0.65 0
105 0.875 1.15 0
105 0.875 1.65 0
105 0.875 2.15 0
105 0.875 2.65 0
105 0.875 3.15 0
105 0.875 3.65 0
105 0.875 4.15 0
105 0.875 4.65 0
115 0.525 0.15 0
115 0.525 0.65 0
115 0.525 1.15 0
115 0.525 1.65 0
115 0.525 2.15 0
115 0.525 2.65 0
115 0.525 3.15 0
115 0.525 3.65 0
115 0.525 4.15 0
115 0.525 4.65 0
115 0.575 0.15 0
115 0.575 0.65 0
115 0.575 1.15 0
115 0.575 1.65 0
115 0.575 2.15 0
115 0.575 2.65 0
115 0.575 3.15 0
115 0.575 3.65 0
115 0.575 4.15 0
115 0.575 4.65 0
115 0.625 0.15 0
115 0.625 0.65 0
115 0.625 1.15 0
115 0.625 1.65 0
115 0.625 2.15 0
115 0.625 2.65 0
115 0.625 3.15 0
115 0.625 3.65 0
115 0.625 4.15 0
115 0.625 4.65 0
115 0.675 0.15 0
115 0.675 0.65 0
115 0.675 1.15 0
115 0.675 1.65 0
115 0.675 2.15 0
115 0.675 2.65 0
115 0.675 3.15 0
115 0.675 3.65 0
115 0.675 4.15 0
115 0.675 4.65 0
115 0.725 0.15 0
115 0.725 0.65 0
115 0.725 1.15 0
115 0.725 1.65 0
115 0.725 2.15 0
115 0.725 2.65 0
115 0.725 3.15 0
115 0.725 3.65 0
115 0.725 4.15 0
115 0.725 4.65 0
115 0.775 0.15 0
115 0.775 0.65 0
115 0.775 1.15 0
115 0.775 1.65 0
115 0.775 2.15 0
115 0.775 2.65 0
115 0.775 3.15 0
115 0.775 3.65 0
115 0.775 4.15 0
115 0.775 4.65 0
115 0.825 0.15 0
115 0.825 0.65 0
115 0.825 1.15 0
115 0.825 1.65 0
115 0.825 2.15 0
115 0.825 2.65 0
115 0.825 3.15 0
115 0.825 3.65 0
115 0.825 4.15 0
115 0.825 4.65 0
115 0.875 0.15 0
115 0.875 0.65 0
115 0.875 1.15 0
115 0.875 1.65 0
115 0.875 2.15 0
115 0.875 2.65 0
115 0.875 3.15 0
115 0.875 3.65 0
115 0.875 4.15 0
115 0.875 4.65 0
