5 0.525 0.15 0.062909
5 0.525 0.65 3.75457
5 0.525 1.15 2.10067
5 0.525 1.65 1.53584
5 0.525 2.15 1.22761
5 0.525 2.65 0.97877
5 0.525 3.15 0.784302
5 0.525 3.65 0.626243
5 0.525 4.15 0.495799
5 0.525 4.65 0.395594
5 0.575 0.15 0.0829706
5 0.575 0.65 4.9519
5 0.575 1.15 2.77057
5 0.575 1.65 2.02562
5 0.575 2.15 1.61909
5 0.575 2.65 1.2909
5 0.575 3.15 1.03442
5 0.575 3.65 0.825952
5 0.575 4.15 0.653909
5 0.575 4.65 0.521749
5 0.625 0.15 0.0919774
5 0.625 0.65 5.48945
5 0.625 1.15 3.07133
5 0.625 1.65 2.24551
5 0.625 2.15 1.79485
5 0.625 2.65 1.43103
5 0.625 3.15 1.1467
5 0.625 3.65 0.915612
5 0.625 4.15 0.724894
5 0.625 4.65 0.578387
5 0.675 0.15 0.0819643
5 0.675 0.65 4.89184
5 0.675 1.15 2.73697
5 0.675 1.65 2.00105
5 0.675 2.15 1.59945
5 0.675 2.65 1.27524
5 0.675 3.15 1.02187
5 0.675 3.65 0.815934
5 0.675 4.15 0.645978
5 0.675 4.65 0.515421
5 0.725 0.15 0.0567566
5 0.725 0.65 3.38738
5 0.725 1.15 1.89523
5 0.725 1.65 1.38564
5 0.725 2.15 1.10755
5 0.725 2.65 0.883047
5 0.725 3.15 0.707598
5 0.725 3.65 0.564997
5 0.725 4.15 0.447311
5 0.725 4.65 0.356905
5 0.775 0.15 0.0283401
5 0.775 0.65 1.69141
5 0.775 1.15 0.94634
5 0.775 1.65 0.691888
5 0.775 2.15 0.55303
5 0.775 2.65 0.44093
5 0.775 3.15 0.353323
5 0.775 3.65 0.282119
5 0.775 4.15 0.223355
5 0.775 4.65 0.178213
5 0.825 0.15 0.00890055
5 0.825 0.65 0.531208
5 0.825 1.15 0.297209
5 0.825 1.65 0.217295
5 0.825 2.15 0.173686
5 0.825 2.65 0.138479
5 0.825 3.15 0.110965
5 0.825 3.65 0.0886028
5 0.825 4.15 0.0701472
5 0.825 4.65 0.0559698
5 0.875 0.15 0.000603518
5 0.875 0.65 0.0360195
5 0.875 1.15 0.0201528
5 0.875 1.65 0.0147341
5 0.875 2.15 0.0117771
5 0.875 2.65 0.00938984
5 0.875 3.15 0.00752421
5 0.875 3.65 0.00600787
5 0.875 4.15 0.00475646
5 0.875 4.65 0.00379513
15 0.525 0.15 0.00523228
15 0.525 0.65 0.312276
15 0.525 1.15 0.174717
15 0.525 1.65 0.127739
15 0.525 2.15 0.102103
15 0.525 2.65 0.0814064
15 0.525 3.15 0.0652321
15 0.525 3.65 0.052086
15 0.525 4.15 0.0412367
15 0.525 4.65 0.0329024
15 0.575 0.15 0.0160279
15 0.575 0.65 0.95659
15 0.575 1.15 0.535209
15 0.575 1.65 0.391301
15 0.575 2.15 0.31277
15 0.575 2.65 0.249371
15 0.575 3.15 0.199824
15 0.575 3.65 0.159554
15 0.575 4.15 0.12632
15 0.575 4.65 0.100789
15 0.625 0.15 0.0355928
15 0.625 0.65 2.12427
15 0.625 1.15 1.18852
15 0.625 1.65 0.868952
15 0.625 2.15 0.694559
15 0.625 2.65 0.553771
15 0.625 3.15 0.443744
15 0.625 3.65 0.354318
15 0.625 4.15 0.280515
15 0.625 4.65 0.22382
15 0.675 0.15 0.0534289
15 0.675 0.65 3.18878
15 0.675 1.15 1.78411
15 0.675 1.65 1.3044
15 0.675 2.15 1.04261
15 0.675 2.65 0.831274
15 0.675 3.15 0.666111
15 0.675 3.65 0.531871
15 0.675 4.15 0.421085
15 0.675 4.65 0.33598
15 0.725 0.15 0.0499578
15 0.725 0.65 2.98161
15 0.725 1.15 1.6682
15 0.725 1.65 1.21965
15 0.725 2.15 0.974877
15 0.725 2.65 0.777268
15 0.725 3.15 0.622836
15 0.725 3.65 0.497317
15 0.725 4.15 0.393728
15 0.725 4.65 0.314152
15 0.775 0.15 0.0262809
15 0.775 0.65 1.56851
15 0.775 1.15 0.877577
15 0.775 1.65 0.641613
15 0.775 2.15 0.512845
15 0.775 2.65 0.408891
15 0.775 3.15 0.32765
15 0.775 3.65 0.261619
15 0.775 4.15 0.207125
15 0.775 4.65 0.165263
15 0.825 0.15 0.00686871
15 0.825 0.65 0.409943
15 0.825 1.15 0.229362
15 0.825 1.65 0.167691
15 0.825 2.15 0.134036
15 0.825 2.65 0.106867
15 0.825 3.15 0.0856339
15 0.825 3.65 0.0683763
15 0.825 4.15 0.0541338
15 0.825 4.65 0.0431929
15 0.875 0.15 0.000744958
15 0.875 0.65 0.044461
15 0.875 1.15 0.0248758
15 0.875 1.65 0.0181872
15 0.875 2.15 0.0145371
15 0.875 2.65 0.0115904
15 0.875 3.15 0.00928757
15 0.875 3.65 0.00741587
15 0.875 4.15 0.00587118
15 0.875 4.65 0.00468456
25 0.525 0.15 2.71449e-05
25 0.525 0.65 0.00162008
25 0.525 1.15 0.000906428
25 0.525 1.65 0.000662707
25 0.525 2.15 0.000529706
25 0.525 2.65 0.000422334
25 0.525 3.15 0.000338422
25 0.525 3.65 0.00027022
25 0.525 4.15 0.000213935
25 0.525 4.65 0.000170697
25 0.575 0.15 0.000394655
25 0.575 0.65 0.0235541
25 0.575 1.15 0.0131784
25 0.575 1.65 0.009635
25 0.575 2.15 0.00770131
25 0.575 2.65 0.00614025
25 0.575 3.15 0.00492027
25 0.575 3.65 0.0039287
25 0.575 4.15 0.00311037
25 0.575 4.65 0.00248173
25 0.625 0.15 0.00297394
25 0.625 0.65 0.177493
25 0.625 1.15 0.0993066
25 0.625 1.65 0.0726049
25 0.625 2.15 0.0580336
25 0.625 2.65 0.0462701
25 0.625 3.15 0.0370769
25 0.625 3.65 0.0296049
25 0.625 4.15 0.0234383
25 0.625 4.65 0.0187012
25 0.675 0.15 0.0112212
25 0.675 0.65 0.669709
25 0.675 1.15 0.3747
25 0.675 1.65 0.27395
25 0.675 2.15 0.21897
25 0.675 2.65 0.174585
25 0.675 3.15 0.139897
25 0.675 3.65 0.111704
25 0.675 4.15 0.0884365
25 0.675 4.65 0.0705627
25 0.725 0.15 0.0194061
25 0.725 0.65 1.15821
25 0.725 1.15 0.648014
25 0.725 1.65 0.473775
25 0.725 2.15 0.378692
25 0.725 2.65 0.30193
25 0.725 3.15 0.241941
25 0.725 3.65 0.193183
25 0.725 4.15 0.152944
25 0.725 4.65 0.122033
25 0.775 0.15 0.0138954
25 0.775 0.65 0.829316
25 0.775 1.15 0.463999
25 0.775 1.65 0.339239
25 0.775 2.15 0.271156
25 0.775 2.65 0.216192
25 0.775 3.15 0.173238
25 0.775 3.65 0.138326
25 0.775 4.15 0.109513
25 0.775 4.65 0.0873794
25 0.825 0.15 0.00358831
25 0.825 0.65 0.21416
25 0.825 1.15 0.119822
25 0.825 1.65 0.0876039
25 0.825 2.15 0.0700224
25 0.825 2.65 0.0558288
25 0.825 3.15 0.0447364
25 0.825 3.65 0.0357207
25 0.825 4.15 0.0282803
25 0.825 4.65 0.0225646
25 0.875 0.15 0.000279527
25 0.875 0.65 0.0166829
25 0.875 1.15 0.00933404
25 0.875 1.65 0.0068243
25 0.875 2.15 0.0054547
25 0.875 2.65 0.00434903
25 0.875 3.15 0.00348494
25 0.875 3.65 0.00278262
25 0.875 4.15 0.00220302
25 0.875 4.65 0.00175777
35 0.525 0.15 9.52315e-08
35 0.525 0.65 5.68366e-06
35 0.525 1.15 3.17999e-06
35 0.525 1.65 2.32495e-06
35 0.525 2.15 1.85835e-06
35 0.525 2.65 1.48166e-06
35 0.525 3.15 1.18727e-06
35 0.525 3.65 9.48005e-07
35 0.525 4.15 7.5054e-07
35 0.525 4.65 5.98849e-07
35 0.575 0.15 7.11349e-06
35 0.575 0.65 0.000424552
35 0.575 1.15 0.000237535
35 0.575 1.65 0.000173667
35 0.575 2.15 0.000138813
35 0.575 2.65 0.000110675
35 0.575 3.15 8.86856e-05
35 0.575 3.65 7.0813e-05
35 0.575 4.15 5.60629e-05
35 0.575 4.65 4.47321e-05
35 0.625 0.15 0.000165687
35 0.625 0.65 0.00988866
35 0.625 1.15 0.00553267
35 0.625 1.65 0.00404504
35 0.625 2.15 0.00323323
35 0.625 2.65 0.00257785
35 0.625 3.15 0.00206567
35 0.625 3.65 0.00164938
35 0.625 4.15 0.00130582
35 0.625 4.65 0.0010419
35 0.675 0.15 0.00153909
35 0.675 0.65 0.0918569
35 0.675 1.15 0.0513936
35 0.675 1.65 0.0375749
35 0.675 2.15 0.0300338
35 0.675 2.65 0.0239459
35 0.675 3.15 0.0191882
35 0.675 3.65 0.0153213
35 0.675 4.15 0.0121299
35 0.675 4.65 0.00967834
35 0.725 0.15 0.00479684
35 0.725 0.65 0.286288
35 0.725 1.15 0.160177
35 0.725 1.65 0.117109
35 0.725 2.15 0.0936056
35 0.725 2.65 0.0746316
35 0.725 3.15 0.0598034
35 0.725 3.65 0.0477513
35 0.725 4.15 0.0378049
35 0.725 4.65 0.0301642
35 0.775 0.15 0.00461192
35 0.775 0.65 0.275252
35 0.775 1.15 0.154002
35 0.775 1.65 0.112594
35 0.775 2.15 0.0899972
35 0.775 2.65 0.0717547
35 0.775 3.15 0.057498
35 0.775 3.65 0.0459105
35 0.775 4.15 0.0363476
35 0.775 4.65 0.0290014
35 0.825 0.15 0.00120099
35 0.825 0.65 0.0716783
35 0.825 1.15 0.0401038
35 0.825 1.65 0.0293206
35 0.825 2.15 0.0234362
35 0.825 2.65 0.0186856
35 0.825 3.15 0.0149731
35 0.825 3.65 0.0119556
35 0.825 4.15 0.00946528
35 0.825 4.65 0.00755226
35 0.875 0.15 6.88459e-05
35 0.875 0.65 0.0041089
35 0.875 1.15 0.00229892
35 0.875 1.65 0.00168078
35 0.875 2.15 0.00134346
35 0.875 2.65 0.00107114
35 0.875 3.15 0.000858318
35 0.875 3.65 0.000685343
35 0.875 4.15 0.000542589
35 0.875 4.65 0.000432927
45 0.525 0.15 0
45 0.525 0.65 0
45 0.525 1.15 0
45 0.525 1.65 0
45 0.525 2.15 0
45 0.525 2.65 0
45 0.525 3.15 0
45 0.525 3.65 0
45 0.525 4.15 0
45 0.525 4.65 0
45 0.575 0.15 0
45 0.575 0.65 0
45 0.575 1.15 0
45 0.575 1.65 0
45 0.575 2.15 0
45 0.575 2.65 0
45 0.575 3.15 0
45 0.575 3.65 0
45 0.575 4.15 0
45 0.575 4.65 0
45 0.625 0.15 1.36675e-06
45 0.625 0.65 8.15712e-05
45 0.625 1.15 4.56388e-05
45 0.625 1.65 3.33674e-05
45 0.625 2.15 2.66708e-05
45 0.625 2.65 2.12646e-05
45 0.625 3.15 1.70396e-05
45 0.625 3.65 1.36056e-05
45 0.625 4.15 1.07716e-05
45 0.625 4.65 8.59461e-06
45 0.675 0.15 2.76699e-05
45 0.675 0.65 0.00165141
45 0.675 1.15 0.00092396
45 0.675 1.65 0.000675525
45 0.675 2.15 0.000539951
45 0.675 2.65 0.000430502
45 0.675 3.15 0.000344967
45 0.675 3.65 0.000275447
45 0.675 4.15 0.000218073
45 0.675 4.65 0.000173998
45 0.725 0.15 0.000145068
45 0.725 0.65 0.00865806
45 0.725 1.15 0.00484415
45 0.725 1.65 0.00354165
45 0.725 2.15 0.00283087
45 0.725 2.65 0.00225705
45 0.725 3.15 0.0018086
45 0.725 3.65 0.00144412
45 0.725 4.15 0.00114331
45 0.725 4.65 0.000912241
45 0.775 0.15 0.000183245
45 0.775 0.65 0.0109366
45 0.775 1.15 0.00611896
45 0.775 1.65 0.00447369
45 0.775 2.15 0.00357585
45 0.775 2.65 0.00285102
45 0.775 3.15 0.00228456
45 0.775 3.65 0.00182416
45 0.775 4.15 0.0014442
45 0.775 4.65 0.00115231
45 0.825 0.15 5.05555e-05
45 0.825 0.65 0.00301729
45 0.825 1.15 0.00168816
45 0.825 1.65 0.00123425
45 0.825 2.15 0.000986542
45 0.825 2.65 0.000786569
45 0.825 3.15 0.000630288
45 0.825 3.65 0.000503268
45 0.825 4.15 0.000398439
45 0.825 4.65 0.000317911
45 0.875 0.15 2.28183e-06
45 0.875 0.65 0.000136186
45 0.875 1.15 7.61955e-05
45 0.875 1.65 5.5708e-05
45 0.875 2.15 4.45277e-05
45 0.875 2.65 3.55019e-05
45 0.875 3.15 2.84482e-05
45 0.875 3.65 2.27151e-05
45 0.875 4.15 1.79836e-05
45 0.875 4.65 1.4349e-05
55 0.525 0.15 0
55 0.525 0.65 0
55 0.525 1.15 0
55 0.525 1.65 0
55 0.525 2.15 0
55 0.525 2.65 0
55 0.525 3.15 0
55 0.525 3.65 0
55 0.525 4.15 0
55 0.525 4.65 0
55 0.575 0.15 0
55 0.575 0.65 0
55 0.575 1.15 0
55 0.575 1.65 0
55 0.575 2.15 0
55 0.575 2.65 0
55 0.575 3.15 0
55 0.575 3.65 0
55 0.575 4.15 0
55 0.575 4.65 0
55 0.625 0.15 0
55 0.625 0.65 0
55 0.625 1.15 0
55 0.625 1.65 0
55 0.625 2.15 0
55 0.625 2.65 0
55 0.625 3.15 0
55 0.625 3.65 0
55 0.625 4.15 0
55 0.625 4.65 0
55 0.675 0.15 5.72893e-09
55 0.675 0.65 3.41917e-07
55 0.675 1.15 1.91302e-07
55 0.675 1.65 1.39864e-07
55 0.675 2.15 1.11794e-07
55 0.675 2.65 8.91336e-08
55 0.675 3.15 7.14239e-08
55 0.675 3.65 5.703e-08
55 0.675 4.15 4.51509e-08
55 0.675 4.65 3.60255e-08
55 0.725 0.15 2.84169e-08
55 0.725 0.65 1.69599e-06
55 0.725 1.15 9.48902e-07
55 0.725 1.65 6.9376e-07
55 0.725 2.15 5.54527e-07
55 0.725 2.65 4.42124e-07
55 0.725 3.15 3.5428e-07
55 0.725 3.65 2.82883e-07
55 0.725 4.15 2.23959e-07
55 0.725 4.65 1.78695e-07
55 0.775 0.15 9.92044e-08
55 0.775 0.65 5.92078e-06
55 0.775 1.15 3.31265e-06
55 0.775 1.65 2.42195e-06
55 0.775 2.15 1.93588e-06
55 0.775 2.65 1.54347e-06
55 0.775 3.15 1.23681e-06
55 0.775 3.65 9.87555e-07
55 0.775 4.15 7.81851e-07
55 0.775 4.65 6.23832e-07
55 0.825 0.15 1.15216e-08
55 0.825 0.65 6.87637e-07
55 0.825 1.15 3.8473e-07
55 0.825 1.65 2.81284e-07
55 0.825 2.15 2.24832e-07
55 0.825 2.65 1.79258e-07
55 0.825 3.15 1.43642e-07
55 0.825 3.65 1.14694e-07
55 0.825 4.15 9.08039e-08
55 0.825 4.65 7.24517e-08
55 0.875 0.15 0
55 0.875 0.65 0
55 0.875 1.15 0
55 0.875 1.65 0
55 0.875 2.15 0
55 0.875 2.65 0
55 0.875 3.15 0
55 0.875 3.65 0
55 0.875 4.15 0
55 0.875 4.65 0
65 0.525 0.15 0
65 0.525 0.65 0
65 0.525 1.15 0
65 0.525 1.65 0
65 0.525 2.15 0
65 0.525 2.65 0
65 0.525 3.15 0
65 0.525 3.65 0
65 0.525 4.15 0
65 0.525 4.65 0
65 0.575 0.15 0
65 0.575 0.65 0
65 0.575 1.15 0
65 0.575 1.65 0
65 0.575 2.15 0
65 0.575 2.65 0
65 0.575 3.15 0
65 0.575 3.65 0
65 0.575 4.15 0
65 0.575 4.65 0
65 0.625 0.15 0
65 0.625 0.65 0
65 0.625 1.15 0
65 0.625 1.65 0
65 0.625 2.15 0
65 0.625 2.65 0
65 0.625 3.15 0
65 0.625 3.65 0
65 0.625 4.15 0
65 0.625 4.65 0
65 0.675 0.15 0
65 0.675 0.65 0
65 0.675 1.15 0
65 0.675 1.65 0
65 0.675 2.15 0
65 0.675 2.65 0
65 0.675 3.15 0
65 0.675 3.65 0
65 0.675 4.15 0
65 0.675 4.65 0
65 0.725 0.15 0
65 0.725 0.65 0
65 0.725 1.15 0
65 0.725 1.65 0
65 0.725 2.15 0
65 0.725 2.65 0
65 0.725 3.15 0
65 0.725 3.65 0
65 0.725 4.15 0
65 0.725 4.65 0
65 0.775 0.15 0
65 0.775 0.65 0
65 0.775 1.15 0
65 0.775 1.65 0
65 0.775 2.15 0
65 0.775 2.65 0
65 0.775 3.15 0
65 0.775 3.65 0
65 0.775 4.15 0
65 0.775 4.65 0
65 0.825 0.15 0
65 0.825 0.65 0
65 0.825 1.15 0
65 0.825 1.65 0
65 0.825 2.15 0
65 0.825 2.65 0
65 0.825 3.15 0
65 0.825 3.65 0
65 0.825 4.15 0
65 0.825 4.65 0
65 0.875 0.15 0
65 0.875 0.65 0
65 0.875 1.15 0
65 0.875 1.65 0
65 0.875 2.15 0
65 0.875 2.65 0
65 0.875 3.15 0
65 0.875 3.65 0
65 0.875 4.15 0
65 0.875 4.65 0
75 0.525 0.15 0
75 0.525 0.65 0
75 0.525 1.15 0
75 0.525 1.65 0
75 0.525 2.15 0
75 0.525 2.65 0
75 0.525 3.15 0
75 0.525 3.65 0
75 0.525 4.15 0
75 0.525 4.65 0
75 0.575 0.15 0
75 0.575 0.65 0
75 0.575 1.15 0
75 0.575 1.65 0
75 0.575 2.15 0
75 0.575 2.65 0
75 0.575 3.15 0
75 0.575 3.65 0
75 0.575 4.15 0
75 0.575 4.65 0
75 0.625 0.15 0
75 0.625 0.65 0
75 0.625 1.15 0
75 0.625 1.65 0
75 0.625 2.15 0
75 0.625 2.65 0
75 0.625 3.15 0
75 0.625 3.65 0
75 0.625 4.15 0
75 0.625 4.65 0
75 0.675 0.15 0
75 0.675 0.65 0
75 0.675 1.15 0
75 0.675 1.65 0
75 0.675 2.15 0
75 0.675 2.65 0
75 0.675 3.15 0
75 0.675 3.65 0
75 0.675 4.15 0
75 0.675 4.65 0
75 0.725 0.15 0
75 0.725 0.65 0
75 0.725 1.15 0
75 0.725 1.65 0
75 0.725 2.15 0
75 0.725 2.65 0
75 0.725 3.15 0
75 0.725 3.65 0
75 0.725 4.15 0
75 0.725 4.65 0
75 0.775 0.15 0
75 0.775 0.65 0
75 0.775 1.15 0
75 0.775 1.65 0
75 0.775 2.15 0
75 0.775 2.65 0
75 0.775 3.15 0
75 0.775 3.65 0
75 0.775 4.15 0
75 0.775 4.65 0
75 0.825 0.15 0
75 0.825 0.65 0
75 0.825 1.15 0
75 0.825 1.65 0
75 0.825 2.15 0
75 0.825 2.65 0
75 0.825 3.15 0
75 0.825 3.65 0
75 0.825 4.15 0
75 0.825 4.65 0
75 0.875 0.15 0
75 0.875 0.65 0
75 0.875 1.15 0
75 0.875 1.65 0
75 0.875 2.15 0
75 0.875 2.65 0
75 0.875 3.15 0
75 0.875 3.65 0
75 0.875 4.15 0
75 0.875 4.65 0
85 0.525 0.15 0
85 0.525 0.65 0
85 0.525 1.15 0
85 0.525 1.65 0
85 0.525 2.15 0
85 0.525 2.65 0
85 0.525 3.15 0
85 0.525 3.65 0
85 0.525 4.15 0
85 0.525 4.65 0
85 0.575 0.15 0
85 0.575 0.65 0
85 0.575 1.15 0
85 0.575 1.65 0
85 0.575 2.15 0
85 0.575 2.65 0
85 0.575 3.15 0
85 0.575 3.65 0
85 0.575 4.15 0
85 0.575 4.65 0
85 0.625 0.15 0
85 0.625 0.65 0
85 0.625 1.15 0
85 0.625 1.65 0
85 0.625 2.15 0
85 0.625 2.65 0
85 0.625 3.15 0
85 0.625 3.65 0
85 0.625 4.15 0
85 0.625 4.65 0
85 0.675 0.15 0
85 0.675 0.65 0
85 0.675 1.15 0
85 0.675 1.65 0
85 0.675 2.15 0
85 0.675 2.65 0
85 0.675 3.15 0
85 0.675 3.65 0
85 0.675 4.15 0
85 0.675 4.65 0
85 0.725 0.15 0
85 0.725 0.65 0
85 0.725 1.15 0
85 0.725 1.65 0
85 0.725 2.15 0
85 0.725 2.65 0
85 0.725 3.15 0
85 0.725 3.65 0
85 0.725 4.15 0
85 0.725 4.65 0
85 0.775 0.15 0
85 0.775 0.65 0
85 0.775 1.15 0
85 0.775 1.65 0
85 0.775 2.15 0
85 0.775 2.65 0
85 0.775 3.15 0
85 0.775 3.65 0
85 0.775 4.15 0
85 0.775 4.65 0
85 0.825 0.15 0
85 0.825 0.65 0
85 0.825 1.15 0
85 0.825 1.65 0
85 0.825 2.15 0
85 0.825 2.65 0
85 0.825 3.15 0
85 0.825 3.65 0
85 0.825 4.15 0
85 0.825 4.65 0
85 0.875 0.15 0
85 0.875 0.65 0
85 0.875 1.15 0
85 0.875 1.65 0
85 0.875 2.15 0
85 0.875 2.65 0
85 0.875 3.15 0
85 0.875 3.65 0
85 0.875 4.15 0
85 0.875 4.65 0
95 0.525 0.15 0
95 0.525 0.65 0
95 0.525 1.15 0
95 0.525 1.65 0
95 0.525 2.15 0
95 0.525 2.65 0
95 0.525 3.15 0
95 0.525 3.65 0
95 0.525 4.15 0
95 0.525 4.65 0
95 0.575 0.15 0
95 0.575 0.65 0
95 0.575 1.15 0
95 0.575 1.65 0
95 0.575 2.15 0
95 0.575 2.65 0
95 0.575 3.15 0
95 0.575 3.65 0
95 0.575 4.15 0
95 0.575 4.65 0
95 0.625 0.15 0
95 0.625 0.65 0
95 0.625 1.15 0
95 0.625 1.65 0
95 0.625 2.15 0
95 0.625 2.65 0
95 0.625 3.15 0
95 0.625 3.65 0
95 0.625 4.15 0
95 0.625 4.65 0
95 0.675 0.15 0
95 0.675 0.65 0
95 0.675 1.15 0
95 0.675 1.65 0
95 0.675 2.15 0
95 0.675 2.65 0
95 0.675 3.15 0
95 0.675 3.65 0
95 0.675 4.15 0
95 0.675 4.65 0
95 0.725 0.15 0
95 0.725 0.65 0
95 0.725 1.15 0
95 0.725 1.65 0
95 0.725 2.15 0
95 0.725 2.65 0
95 0.725 3.15 0
95 0.725 3.65 0
95 0.725 4.15 0
95 0.725 4.65 0
95 0.775 0.15 0
95 0.775 0.65 0
95 0.775 1.15 0
95 0.775 1.65 0
95 0.775 2.15 0
95 0.775 2.65 0
95 0.775 3.15 0
95 0.775 3.65 0
95 0.775 4.15 0
95 0.775 4.65 0
95 0.825 0.15 0
95 0.825 0.65 0
95 0.825 1.15 0
95 0.825 1.65 0
95 0.825 2.15 0
95 0.825 2.65 0
95 0.825 3.15 0
95 0.825 3.65 0
95 0.825 4.15 0
95 0.825 4.65 0
95 0.875 0.15 0
95 0.875 0.65 0
95 0.875 1.15 0
95 0.875 1.65 0
95 0.875 2.15 0
95 0.875 2.65 0
95 0.875 3.15 0
95 0.875 3.65 0
95 0.875 4.15 0
95 0.875 4.65 0
105 0.525 0.15 0
105 0.525 0.65 0
105 0.525 1.15 0
105 0.525 1.65 0
105 0.525 2.15 0
105 0.525 2.65 0
105 0.525 3.15 0
105 0.525 3.65 0
105 0.525 4.15 0
105 0.525 4.65 0
105 0.575 0.15 0
105 0.575 0.65 0
105 0.575 1.15 0
105 0.575 1.65 0
105 0.575 2.15 0
105 0.575 2.65 0
105 0.575 3.15 0
105 0.575 3.65 0
105 0.575 4.15 0
105 0.575 4.65 0
105 0.625 0.15 0
105 0.625 0.65 0
105 0.625 1.15 0
105 0.625 1.65 0
105 0.625 2.15 0
105 0.625 2.65 0
105 0.625 3.15 0
105 0.625 3.65 0
105 0.625 4.15 0
105 0.625 4.65 0
105 0.675 0.15 0
105 0.675 0.65 0
105 0.675 1.15 0
105 0.675 1.65 0
105 0.675 2.15 0
105 0.675 2.65 0
105 0.675 3.15 0
105 0.675 3.65 0
105 0.675 4.15 0
105 0.675 4.65 0
105 0.725 0.15 0
105 0.725 0.65 0
105 0.725 1.15 0
105 0.725 1.65 0
105 0.725 2.15 0
105 0.725 2.65 0
105 0.725 3.15 0
105 0.725 3.65 0
105 0.725 4.15 0
105 0.725 4.65 0
105 0.775 0.15 0
105 0.775 0.65 0
105 0.775 1.15 0
105 0.775 1.65 0
105 0.775 2.15 0
105 0.775 2.65 0
105 0.775 3.15 0
105 0.775 3.65 0
105 0.775 4.15 0
105 0.775 4.65 0
105 0.825 0.15 0
105 0.825 0.65 0
105 0.825 1.15 0
105 0.825 1.65 0
105 0.825 2.15 0
105 0.825 2.65 0
105 0.825 3.15 0
105 0.825 3.65 0
105 0.825 4.15 0
105 0.825 4.65 0
105 0.875 0.15 0
105 0.875 0.65 0
105 0.875 1.15 0
105 0.875 1.65 0
105 0.875 2.15 0
105 0.875 2.65 0
105 0.875 3.15 0
105 0.875 3.65 0
105 0.875 4.15 0
105 0.875 4.65 0
115 0.525 0.15 0
115 0.525 0.65 0
115 0.525 1.15 0
115 0.525 1.65 0
115 0.525 2.15 0
115 0.525 2.65 0
115 0.525 3.15 0
115 0.525 3.65 0
115 0.525 4.15 0
115 0.525 4.65 0
115 0.575 0.15 0
115 0.575 0.65 0
115 0.575 1.15 0
115 0.575 1.65 0
115 0.575 2.15 0
115 0.575 2.65 0
115 0.575 3.15 0
115 0.575 3.65 0
115 0.575 4.15 0
115 0.575 4.65 0
115 0.625 0.15 0
115 0.625 0.65 0
115 0.625 1.15 0
115 0.625 1.65 0
115 0.625 2.15 0
115 0.625 2.65 0
115 0.625 3.15 0
115 0.625 3.65 0
115 0.625 4.15 0
115 0.625 4.65 0
115 0.675 0.15 0
115 0.675 0.65 0
115 0.675 1.15 0
115 0.675 1.65 0
115 0.675 2.15 0
115 0.675 2.65 0
115 0.675 3.15 0
115 0.675 3.65 0
115 0.675 4.15 0
115 0.675 4.65 0
115 0.725 0.15 0
115 0.725 0.65 0
115 0.725 1.15 0
115 0.725 1.65 0
115 0.725 2.15 0
115 0.725 2.65 0
115 0.725 3.15 0
115 0.725 3.65 0
115 0.725 4.15 0
115 0.725 4.65 0
115 0.775 0.15 0
115 0.775 0.65 0
115 0.775 1.15 0
115 0.775 1.65 0
115 0.775 2.15 0
115 0.775 2.65 0
115 0.775 3.15 0
115 0.775 3.65 0
115 0.775 4.15 0
115 0.775 4.65 0
115 0.825 0.15 0
115 0.825 0.65 0
115 0.825 1.15 0
115 0.825 1.65 0
115 0.825 2.15 0
115 0.825 2.65 0
115 0.825 3.15 0
115 0.825 3.65 0
115 0.825 4.15 0
115 0.825 4.65 0
115 0.875 0.15 0
115 0.875 0.65 0
115 0.875 1.15 0
115 0.875 1.65 0
115 0.875 2.15 0
115 0.875 2.65 0
115 0.875 3.15 0
115 0.875 3.65 0
115 0.875 4.15 0
115 0.875 4.65 0
