5 0.525 0.15 0.719186
5 0.525 0.65 2.55415
5 0.525 1.15 1.18888
5 0.525 1.65 0.944708
5 0.525 2.15 0.754702
5 0.525 2.65 0.600719
5 0.525 3.15 0.48023
5 0.525 3.65 0.382563
5 0.525 4.15 0.303193
5 0.525 4.65 0.242734
5 0.575 0.15 1.04978
5 0.575 0.65 3.72824
5 0.575 1.15 1.73538
5 0.575 1.65 1.37897
5 0.575 2.15 1.10162
5 0.575 2.65 0.876858
5 0.575 3.15 0.700982
5 0.575 3.65 0.55842
5 0.575 4.15 0.442565
5 0.575 4.65 0.354315
5 0.625 0.15 1.31662
5 0.625 0.65 4.67589
5 0.625 1.15 2.17648
5 0.625 1.65 1.72948
5 0.625 2.15 1.38164
5 0.625 2.65 1.09974
5 0.625 3.15 0.879158
5 0.625 3.65 0.700361
5 0.625 4.15 0.555056
5 0.625 4.65 0.444375
5 0.675 0.15 1.38885
5 0.675 0.65 4.93241
5 0.675 1.15 2.29588
5 0.675 1.65 1.82436
5 0.675 2.15 1.45743
5 0.675 2.65 1.16007
5 0.675 3.15 0.927388
5 0.675 3.65 0.738782
5 0.675 4.15 0.585506
5 0.675 4.65 0.468753
5 0.725 0.15 1.19149
5 0.725 0.65 4.2315
5 0.725 1.15 1.96964
5 0.725 1.65 1.56511
5 0.725 2.15 1.25033
5 0.725 2.65 0.995223
5 0.725 3.15 0.795605
5 0.725 3.65 0.6338
5 0.725 4.15 0.502305
5 0.725 4.65 0.402143
5 0.775 0.15 0.817272
5 0.775 0.65 2.90249
5 0.775 1.15 1.35102
5 0.775 1.65 1.07355
5 0.775 2.15 0.857631
5 0.775 2.65 0.682648
5 0.775 3.15 0.545725
5 0.775 3.65 0.434739
5 0.775 4.15 0.344544
5 0.775 4.65 0.27584
5 0.825 0.15 0.445382
5 0.825 0.65 1.58175
5 0.825 1.15 0.736255
5 0.825 1.65 0.585044
5 0.825 2.15 0.467376
5 0.825 2.65 0.372017
5 0.825 3.15 0.297399
5 0.825 3.65 0.236916
5 0.825 4.15 0.187763
5 0.825 4.65 0.150322
5 0.875 0.15 0.17
5 0.875 0.65 0.603747
5 0.875 1.15 0.281025
5 0.875 1.65 0.223309
5 0.875 2.15 0.178396
5 0.875 2.65 0.141997
5 0.875 3.15 0.113516
5 0.875 3.65 0.0904299
5 0.875 4.15 0.0716683
5 0.875 4.65 0.0573773
15 0.525 0.15 0.0637969
15 0.525 0.65 0.226571
15 0.525 1.15 0.105462
15 0.525 1.65 0.0838022
15 0.525 2.15 0.0669474
15 0.525 2.65 0.053288
15 0.525 3.15 0.0425997
15 0.525 3.65 0.0339361
15 0.525 4.15 0.0268953
15 0.525 4.65 0.0215322
15 0.575 0.15 0.206744
15 0.575 0.65 0.73424
15 0.575 1.15 0.341766
15 0.575 1.65 0.271575
15 0.575 2.15 0.216954
15 0.575 2.65 0.172689
15 0.575 3.15 0.138051
15 0.575 3.65 0.109975
15 0.575 4.15 0.0871587
15 0.575 4.65 0.0697788
15 0.625 0.15 0.492148
15 0.625 0.65 1.74784
15 0.625 1.15 0.813564
15 0.625 1.65 0.646475
15 0.625 2.15 0.516452
15 0.625 2.65 0.41108
15 0.625 3.15 0.328627
15 0.625 3.65 0.261793
15 0.625 4.15 0.207479
15 0.625 4.65 0.166106
15 0.675 0.15 0.809352
15 0.675 0.65 2.87437
15 0.675 1.15 1.33793
15 0.675 1.65 1.06315
15 0.675 2.15 0.84932
15 0.675 2.65 0.676032
15 0.675 3.15 0.540437
15 0.675 3.65 0.430526
15 0.675 4.15 0.341205
15 0.675 4.65 0.273166
15 0.725 0.15 0.848259
15 0.725 0.65 3.01254
15 0.725 1.15 1.40225
15 0.725 1.65 1.11426
15 0.725 2.15 0.890149
15 0.725 2.65 0.708531
15 0.725 3.15 0.566417
15 0.725 3.65 0.451222
15 0.725 4.15 0.357607
15 0.725 4.65 0.286298
15 0.775 0.15 0.517228
15 0.775 0.65 1.83691
15 0.775 1.15 0.855024
15 0.775 1.65 0.67942
15 0.775 2.15 0.542771
15 0.775 2.65 0.432029
15 0.775 3.15 0.345374
15 0.775 3.65 0.275134
15 0.775 4.15 0.218052
15 0.775 4.65 0.174571
15 0.825 0.15 0.164763
15 0.825 0.65 0.585147
15 0.825 1.15 0.272368
15 0.825 1.65 0.21643
15 0.825 2.15 0.1729
15 0.825 2.65 0.137623
15 0.825 3.15 0.110019
15 0.825 3.65 0.0876441
15 0.825 4.15 0.0694605
15 0.825 4.65 0.0556097
15 0.875 0.15 0.0241804
15 0.875 0.65 0.0858753
15 0.875 1.15 0.0399723
15 0.875 1.65 0.0317629
15 0.875 2.15 0.0253745
15 0.875 2.65 0.0201973
15 0.875 3.15 0.0161462
15 0.875 3.65 0.0128625
15 0.875 4.15 0.0101939
15 0.875 4.65 0.00816119
25 0.525 0.15 0.000383117
25 0.525 0.65 0.00136062
25 0.525 1.15 0.000633326
25 0.525 1.65 0.000503254
25 0.525 2.15 0.000402037
25 0.525 2.65 0.000320009
25 0.525 3.15 0.000255823
25 0.525 3.65 0.000203795
25 0.525 4.15 0.000161514
25 0.525 4.65 0.000129307
25 0.575 0.15 0.00554595
25 0.575 0.65 0.0196961
25 0.575 1.15 0.00916793
25 0.575 1.65 0.00728504
25 0.575 2.15 0.00581982
25 0.575 2.65 0.0046324
25 0.575 3.15 0.00370325
25 0.575 3.65 0.00295011
25 0.575 4.15 0.00233805
25 0.575 4.65 0.00187183
25 0.625 0.15 0.0429766
25 0.625 0.65 0.152629
25 0.625 1.15 0.071044
25 0.625 1.65 0.0564531
25 0.625 2.15 0.0450989
25 0.625 2.65 0.0358973
25 0.625 3.15 0.0286972
25 0.625 3.65 0.0228609
25 0.625 4.15 0.018118
25 0.625 4.65 0.0145051
25 0.675 0.15 0.16812
25 0.675 0.65 0.59707
25 0.675 1.15 0.277918
25 0.675 1.65 0.220839
25 0.675 2.15 0.176423
25 0.675 2.65 0.140427
25 0.675 3.15 0.112261
25 0.675 3.65 0.0894298
25 0.675 4.15 0.0708758
25 0.675 4.65 0.0567428
25 0.725 0.15 0.307936
25 0.725 0.65 1.09362
25 0.725 1.15 0.509045
25 0.725 1.65 0.404498
25 0.725 2.15 0.323143
25 0.725 2.65 0.257211
25 0.725 3.15 0.205621
25 0.725 3.65 0.163803
25 0.725 4.15 0.129819
25 0.725 4.65 0.103932
25 0.775 0.15 0.236819
25 0.775 0.65 0.841048
25 0.775 1.15 0.391482
25 0.775 1.65 0.31108
25 0.775 2.15 0.248514
25 0.775 2.65 0.197809
25 0.775 3.15 0.158133
25 0.775 3.65 0.125973
25 0.775 4.15 0.0998374
25 0.775 4.65 0.0799293
25 0.825 0.15 0.0670648
25 0.825 0.65 0.238177
25 0.825 1.15 0.110864
25 0.825 1.65 0.0880949
25 0.825 2.15 0.0703766
25 0.825 2.65 0.0560176
25 0.825 3.15 0.0447818
25 0.825 3.65 0.0356744
25 0.825 4.15 0.028273
25 0.825 4.65 0.0226352
25 0.875 0.15 0.00595407
25 0.875 0.65 0.0211455
25 0.875 1.15 0.00984259
25 0.875 1.65 0.00782114
25 0.875 2.15 0.0062481
25 0.875 2.65 0.00497329
25 0.875 3.15 0.00397577
25 0.875 3.65 0.0031672
25 0.875 4.15 0.0025101
25 0.875 4.65 0.00200957
35 0.525 0.15 1.49345e-06
35 0.525 0.65 5.30389e-06
35 0.525 1.15 2.4688e-06
35 0.525 1.65 1.96176e-06
35 0.525 2.15 1.5672e-06
35 0.525 2.65 1.24744e-06
35 0.525 3.15 9.97235e-07
35 0.525 3.65 7.94423e-07
35 0.525 4.15 6.29604e-07
35 0.525 4.65 5.04057e-07
35 0.575 0.15 9.01665e-05
35 0.575 0.65 0.000320221
35 0.575 1.15 0.000149053
35 0.575 1.65 0.000118441
35 0.575 2.15 9.46193e-05
35 0.575 2.65 7.5314e-05
35 0.575 3.15 6.02078e-05
35 0.575 3.65 4.79631e-05
35 0.575 4.15 3.80122e-05
35 0.575 4.65 3.04323e-05
35 0.625 0.15 0.00224026
35 0.625 0.65 0.00795615
35 0.625 1.15 0.00370334
35 0.625 1.65 0.00294276
35 0.625 2.15 0.00235089
35 0.625 2.65 0.00187124
35 0.625 3.15 0.00149591
35 0.625 3.65 0.00119168
35 0.625 4.15 0.000944443
35 0.625 4.65 0.000756116
35 0.675 0.15 0.0219778
35 0.675 0.65 0.0780529
35 0.675 1.15 0.0363312
35 0.675 1.65 0.0288696
35 0.675 2.15 0.0230631
35 0.675 2.65 0.0183575
35 0.675 3.15 0.0146754
35 0.675 3.65 0.0116908
35 0.675 4.15 0.00926534
35 0.675 4.65 0.00741778
35 0.725 0.15 0.0735502
35 0.725 0.65 0.261209
35 0.725 1.15 0.121585
35 0.725 1.65 0.096614
35 0.725 2.15 0.0771824
35 0.725 2.65 0.0614348
35 0.725 3.15 0.0491124
35 0.725 3.65 0.0391243
35 0.725 4.15 0.0310071
35 0.725 4.65 0.0248241
35 0.775 0.15 0.0776237
35 0.775 0.65 0.275676
35 0.775 1.15 0.128319
35 0.775 1.65 0.101965
35 0.775 2.15 0.081457
35 0.775 2.65 0.0648373
35 0.775 3.15 0.0518325
35 0.775 3.65 0.0412911
35 0.775 4.15 0.0327244
35 0.775 4.65 0.026199
35 0.825 0.15 0.0226407
35 0.825 0.65 0.0804073
35 0.825 1.15 0.0374271
35 0.825 1.65 0.0297404
35 0.825 2.15 0.0237588
35 0.825 2.65 0.0189113
35 0.825 3.15 0.0151181
35 0.825 3.65 0.0120435
35 0.825 4.15 0.00954483
35 0.825 4.65 0.00764154
35 0.875 0.15 0.0014927
35 0.875 0.65 0.00530123
35 0.875 1.15 0.00246756
35 0.875 1.65 0.00196078
35 0.875 2.15 0.00156641
35 0.875 2.65 0.00124682
35 0.875 3.15 0.000996735
35 0.875 3.65 0.000794025
35 0.875 4.15 0.000629288
35 0.875 4.65 0.000503805
45 0.525 0.15 0
45 0.525 0.65 0
45 0.525 1.15 0
45 0.525 1.65 0
45 0.525 2.15 0
45 0.525 2.65 0
45 0.525 3.15 0
45 0.525 3.65 0
45 0.525 4.15 0
45 0.525 4.65 0
45 0.575 0.15 0
45 0.575 0.65 0
45 0.575 1.15 0
45 0.575 1.65 0
45 0.575 2.15 0
45 0.575 2.65 0
45 0.575 3.15 0
45 0.575 3.65 0
45 0.575 4.15 0
45 0.575 4.65 0
45 0.625 0.15 1.6576e-05
45 0.625 0.65 5.88687e-05
45 0.625 1.15 2.74016e-05
45 0.625 1.65 2.17739e-05
45 0.625 2.15 1.73946e-05
45 0.625 2.65 1.38455e-05
45 0.625 3.15 1.10685e-05
45 0.625 3.65 8.81742e-06
45 0.625 4.15 6.98807e-06
45 0.625 4.65 5.59461e-06
45 0.675 0.15 0.000379514
45 0.675 0.65 0.00134782
45 0.675 1.15 0.00062737
45 0.675 1.65 0.000498522
45 0.675 2.15 0.000398256
45 0.675 2.65 0.000316999
45 0.675 3.15 0.000253417
45 0.675 3.65 0.000201879
45 0.675 4.15 0.000159995
45 0.675 4.65 0.000128091
45 0.725 0.15 0.00216225
45 0.725 0.65 0.00767911
45 0.725 1.15 0.00357439
45 0.725 1.65 0.00284029
45 0.725 2.15 0.00226903
45 0.725 2.65 0.00180608
45 0.725 3.15 0.00144382
45 0.725 3.65 0.00115019
45 0.725 4.15 0.000911557
45 0.725 4.65 0.000729787
45 0.775 0.15 0.00304788
45 0.775 0.65 0.0108244
45 0.775 1.15 0.00503841
45 0.775 1.65 0.00400363
45 0.775 2.15 0.00319839
45 0.775 2.65 0.00254582
45 0.775 3.15 0.00203519
45 0.775 3.65 0.00162129
45 0.775 4.15 0.00128492
45 0.775 4.65 0.0010287
45 0.825 0.15 0.000953878
45 0.825 0.65 0.00338764
45 0.825 1.15 0.00157684
45 0.825 1.65 0.00125299
45 0.825 2.15 0.00100098
45 0.825 2.65 0.000796752
45 0.825 3.15 0.000636943
45 0.825 3.65 0.000507405
45 0.825 4.15 0.000402134
45 0.825 4.65 0.000321946
45 0.875 0.15 5.34045e-05
45 0.875 0.65 0.000189663
45 0.875 1.15 8.82823e-05
45 0.875 1.65 7.0151e-05
45 0.875 2.15 5.60418e-05
45 0.875 2.65 4.46075e-05
45 0.875 3.15 3.56603e-05
45 0.875 3.65 2.84079e-05
45 0.875 4.15 2.25141e-05
45 0.875 4.65 1.80247e-05
55 0.525 0.15 0
55 0.525 0.65 0
55 0.525 1.15 0
55 0.525 1.65 0
55 0.525 2.15 0
55 0.525 2.65 0
55 0.525 3.15 0
55 0.525 3.65 0
55 0.525 4.15 0
55 0.525 4.65 0
55 0.575 0.15 0
55 0.575 0.65 0
55 0.575 1.15 0
55 0.575 1.65 0
55 0.575 2.15 0
55 0.575 2.65 0
55 0.575 3.15 0
55 0.575 3.65 0
55 0.575 4.15 0
55 0.575 4.65 0
55 0.625 0.15 0
55 0.625 0.65 0
55 0.625 1.15 0
55 0.625 1.65 0
55 0.625 2.15 0
55 0.625 2.65 0
55 0.625 3.15 0
55 0.625 3.65 0
55 0.625 4.15 0
55 0.625 4.65 0
55 0.675 0.15 9.09405e-08
55 0.675 0.65 3.2297e-07
55 0.675 1.15 1.50333e-07
55 0.675 1.65 1.19458e-07
55 0.675 2.15 9.54315e-08
55 0.675 2.65 7.59605e-08
55 0.675 3.15 6.07246e-08
55 0.675 3.65 4.83748e-08
55 0.675 4.15 3.83385e-08
55 0.675 4.65 3.06936e-08
55 0.725 0.15 3.90448e-07
55 0.725 0.65 1.38665e-06
55 0.725 1.15 6.45445e-07
55 0.725 1.65 5.12884e-07
55 0.725 2.15 4.0973e-07
55 0.725 2.65 3.26132e-07
55 0.725 3.15 2.60718e-07
55 0.725 3.65 2.07695e-07
55 0.725 4.15 1.64604e-07
55 0.725 4.65 1.31781e-07
55 0.775 0.15 1.87341e-06
55 0.775 0.65 6.65331e-06
55 0.775 1.15 3.09691e-06
55 0.775 1.65 2.46087e-06
55 0.775 2.15 1.96593e-06
55 0.775 2.65 1.56482e-06
55 0.775 3.15 1.25095e-06
55 0.775 3.65 9.96541e-07
55 0.775 4.15 7.89788e-07
55 0.775 4.65 6.323e-07
55 0.825 0.15 1.82892e-07
55 0.825 0.65 6.49531e-07
55 0.825 1.15 3.02337e-07
55 0.825 1.65 2.40243e-07
55 0.825 2.15 1.91924e-07
55 0.825 2.65 1.52766e-07
55 0.825 3.15 1.22125e-07
55 0.825 3.65 9.72876e-08
55 0.825 4.15 7.71033e-08
55 0.825 4.65 6.17284e-08
55 0.875 0.15 0
55 0.875 0.65 0
55 0.875 1.15 0
55 0.875 1.65 0
55 0.875 2.15 0
55 0.875 2.65 0
55 0.875 3.15 0
55 0.875 3.65 0
55 0.875 4.15 0
55 0.875 4.65 0
65 0.525 0.15 0
65 0.525 0.65 0
65 0.525 1.15 0
65 0.525 1.65 0
65 0.525 2.15 0
65 0.525 2.65 0
65 0.525 3.15 0
65 0.525 3.65 0
65 0.525 4.15 0
65 0.525 4.65 0
65 0.575 0.15 0
65 0.575 0.65 0
65 0.575 1.15 0
65 0.575 1.65 0
65 0.575 2.15 0
65 0.575 2.65 0
65 0.575 3.15 0
65 0.575 3.65 0
65 0.575 4.15 0
65 0.575 4.65 0
65 0.625 0.15 0
65 0.625 0.65 0
65 0.625 1.15 0
65 0.625 1.65 0
65 0.625 2.15 0
65 0.625 2.65 0
65 0.625 3.15 0
65 0.625 3.65 0
65 0.625 4.15 0
65 0.625 4.65 0
65 0.675 0.15 0
65 0.675 0.65 0
65 0.675 1.15 0
65 0.675 1.65 0
65 0.675 2.15 0
65 0.675 2.65 0
65 0.675 3.15 0
65 0.675 3.65 0
65 0.675 4.15 0
65 0.675 4.65 0
65 0.725 0.15 0
65 0.725 0.65 0
65 0.725 1.15 0
65 0.725 1.65 0
65 0.725 2.15 0
65 0.725 2.65 0
65 0.725 3.15 0
65 0.725 3.65 0
65 0.725 4.15 0
65 0.725 4.65 0
65 0.775 0.15 0
65 0.775 0.65 0
65 0.775 1.15 0
65 0.775 1.65 0
65 0.775 2.15 0
65 0.775 2.65 0
65 0.775 3.15 0
65 0.775 3.65 0
65 0.775 4.15 0
65 0.775 4.65 0
65 0.825 0.15 0
65 0.825 0.65 0
65 0.825 1.15 0
65 0.825 1.65 0
65 0.825 2.15 0
65 0.825 2.65 0
65 0.825 3.15 0
65 0.825 3.65 0
65 0.825 4.15 0
65 0.825 4.65 0
65 0.875 0.15 0
65 0.875 0.65 0
65 0.875 1.15 0
65 0.875 1.65 0
65 0.875 2.15 0
65 0.875 2.65 0
65 0.875 3.15 0
65 0.875 3.65 0
65 0.875 4.15 0
65 0.875 4.65 0
75 0.525 0.15 0
75 0.525 0.65 0
75 0.525 1.15 0
75 0.525 1.65 0
75 0.525 2.15 0
75 0.525 2.65 0
75 0.525 3.15 0
75 0.525 3.65 0
75 0.525 4.15 0
75 0.525 4.65 0
75 0.575 0.15 0
75 0.575 0.65 0
75 0.575 1.15 0
75 0.575 1.65 0
75 0.575 2.15 0
75 0.575 2.65 0
75 0.575 3.15 0
75 0.575 3.65 0
75 0.575 4.15 0
75 0.575 4.65 0
75 0.625 0.15 0
75 0.625 0.65 0
75 0.625 1.15 0
75 0.625 1.65 0
75 0.625 2.15 0
75 0.625 2.65 0
75 0.625 3.15 0
75 0.625 3.65 0
75 0.625 4.15 0
75 0.625 4.65 0
75 0.675 0.15 0
75 0.675 0.65 0
75 0.675 1.15 0
75 0.675 1.65 0
75 0.675 2.15 0
75 0.675 2.65 0
75 0.675 3.15 0
75 0.675 3.65 0
75 0.675 4.15 0
75 0.675 4.65 0
75 0.725 0.15 0
75 0.725 0.65 0
75 0.725 1.15 0
75 0.725 1.65 0
75 0.725 2.15 0
75 0.725 2.65 0
75 0.725 3.15 0
75 0.725 3.65 0
75 0.725 4.15 0
75 0.725 4.65 0
75 0.775 0.15 0
75 0.775 0.65 0
75 0.775 1.15 0
75 0.775 1.65 0
75 0.775 2.15 0
75 0.775 2.65 0
75 0.775 3.15 0
75 0.775 3.65 0
75 0.775 4.15 0
75 0.775 4.65 0
75 0.825 0.15 0
75 0.825 0.65 0
75 0.825 1.15 0
75 0.825 1.65 0
75 0.825 2.15 0
75 0.825 2.65 0
75 0.825 3.15 0
75 0.825 3.65 0
75 0.825 4.15 0
75 0.825 4.65 0
75 0.875 0.15 0
75 0.875 0.65 0
75 0.875 1.15 0
75 0.875 1.65 0
75 0.875 2.15 0
75 0.875 2.65 0
75 0.875 3.15 0
75 0.875 3.65 0
75 0.875 4.15 0
75 0.875 4.65 0
85 0.525 0.15 0
85 0.525 0.65 0
85 0.525 1.15 0
85 0.525 1.65 0
85 0.525 2.15 0
85 0.525 2.65 0
85 0.525 3.15 0
85 0.525 3.65 0
85 0.525 4.15 0
85 0.525 4.65 0
85 0.575 0.15 0
85 0.575 0.65 0
85 0.575 1.15 0
85 0.575 1.65 0
85 0.575 2.15 0
85 0.575 2.65 0
85 0.575 3.15 0
85 0.575 3.65 0
85 0.575 4.15 0
85 0.575 4.65 0
85 0.625 0.15 0
85 0.625 0.65 0
85 0.625 1.15 0
85 0.625 1.65 0
85 0.625 2.15 0
85 0.625 2.65 0
85 0.625 3.15 0
85 0.625 3.65 0
85 0.625 4.15 0
85 0.625 4.65 0
85 0.675 0.15 0
85 0.675 0.65 0
85 0.675 1.15 0
85 0.675 1.65 0
85 0.675 2.15 0
85 0.675 2.65 0
85 0.675 3.15 0
85 0.675 3.65 0
85 0.675 4.15 0
85 0.675 4.65 0
85 0.725 0.15 0
85 0.725 0.65 0
85 0.725 1.15 0
85 0.725 1.65 0
85 0.725 2.15 0
85 0.725 2.65 0
85 0.725 3.15 0
85 0.725 3.65 0
85 0.725 4.15 0
85 0.725 4.65 0
85 0.775 0.15 0
85 0.775 0.65 0
85 0.775 1.15 0
85 0.775 1.65 0
85 0.775 2.15 0
85 0.775 2.65 0
85 0.775 3.15 0
85 0.775 3.65 0
85 0.775 4.15 0
85 0.775 4.65 0
85 0.825 0.15 0
85 0.825 0.65 0
85 0.825 1.15 0
85 0.825 1.65 0
85 0.825 2.15 0
85 0.825 2.65 0
85 0.825 3.15 0
85 0.825 3.65 0
85 0.825 4.15 0
85 0.825 4.65 0
85 0.875 0.15 0
85 0.875 0.65 0
85 0.875 1.15 0
85 0.875 1.65 0
85 0.875 2.15 0
85 0.875 2.65 0
85 0.875 3.15 0
85 0.875 3.65 0
85 0.875 4.15 0
85 0.875 4.65 0
95 0.525 0.15 0
95 0.525 0.65 0
95 0.525 1.15 0
95 0.525 1.65 0
95 0.525 2.15 0
95 0.525 2.65 0
95 0.525 3.15 0
95 0.525 3.65 0
95 0.525 4.15 0
95 0.525 4.65 0
95 0.575 0.15 0
95 0.575 0.65 0
95 0.575 1.15 0
95 0.575 1.65 0
95 0.575 2.15 0
95 0.575 2.65 0
95 0.575 3.15 0
95 0.575 3.65 0
95 0.575 4.15 0
95 0.575 4.65 0
95 0.625 0.15 0
95 0.625 0.65 0
95 0.625 1.15 0
95 0.625 1.65 0
95 0.625 2.15 0
95 0.625 2.65 0
95 0.625 3.15 0
95 0.625 3.65 0
95 0.625 4.15 0
95 0.625 4.65 0
95 0.675 0.15 0
95 0.675 0.65 0
95 0.675 1.15 0
95 0.675 1.65 0
95 0.675 2.15 0
95 0.675 2.65 0
95 0.675 3.15 0
95 0.675 3.65 0
95 0.675 4.15 0
95 0.675 4.65 0
95 0.725 0.15 0
95 0.725 0.65 0
95 0.725 1.15 0
95 0.725 1.65 0
95 0.725 2.15 0
95 0.725 2.65 0
95 0.725 3.15 0
95 0.725 3.65 0
95 0.725 4.15 0
95 0.725 4.65 0
95 0.775 0.15 0
95 0.775 0.65 0
95 0.775 1.15 0
95 0.775 1.65 0
95 0.775 2.15 0
95 0.775 2.65 0
95 0.775 3.15 0
95 0.775 3.65 0
95 0.775 4.15 0
95 0.775 4.65 0
95 0.825 0.15 0
95 0.825 0.65 0
95 0.825 1.15 0
95 0.825 1.65 0
95 0.825 2.15 0
95 0.825 2.65 0
95 0.825 3.15 0
95 0.825 3.65 0
95 0.825 4.15 0
95 0.825 4.65 0
95 0.875 0.15 0
95 0.875 0.65 0
95 0.875 1.15 0
95 0.875 1.65 0
95 0.875 2.15 0
95 0.875 2.65 0
95 0.875 3.15 0
95 0.875 3.65 0
95 0.875 4.15 0
95 0.875 4.65 0
105 0.525 0.15 0
105 0.525 0.65 0
105 0.525 1.15 0
105 0.525 1.65 0
105 0.525 2.15 0
105 0.525 2.65 0
105 0.525 3.15 0
105 0.525 3.65 0
105 0.525 4.15 0
105 0.525 4.65 0
105 0.575 0.15 0
105 0.575 0.65 0
105 0.575 1.15 0
105 0.575 1.65 0
105 0.575 2.15 0
105 0.575 2.65 0
105 0.575 3.15 0
105 0.575 3.65 0
105 0.575 4.15 0
105 0.575 4.65 0
105 0.625 0.15 0
105 0.625 0.65 0
105 0.625 1.15 0
105 0.625 1.65 0
105 0.625 2.15 0
105 0.625 2.65 0
105 0.625 3.15 0
105 0.625 3.65 0
105 0.625 4.15 0
105 0.625 4.65 0
105 0.675 0.15 0
105 0.675 0.65 0
105 0.675 1.15 0
105 0.675 1.65 0
105 0.675 2.15 0
105 0.675 2.65 0
105 0.675 3.15 0
105 0.675 3.65 0
105 0.675 4.15 0
105 0.675 4.65 0
105 0.725 0.15 0
105 0.725 0.65 0
105 0.725 1.15 0
105 0.725 1.65 0
105 0.725 2.15 0
105 0.725 2.65 0
105 0.725 3.15 0
105 0.725 3.65 0
105 0.725 4.15 0
105 0.725 4.65 0
105 0.775 0.15 0
105 0.775 0.65 0
105 0.775 1.15 0
105 0.775 1.65 0
105 0.775 2.15 0
105 0.775 2.65 0
105 0.775 3.15 0
105 0.775 3.65 0
105 0.775 4.15 0
105 0.775 4.65 0
105 0.825 0.15 0
105 0.825 0.65 0
105 0.825 1.15 0
105 0.825 1.65 0
105 0.825 2.15 0
105 0.825 2.65 0
105 0.825 3.15 0
105 0.825 3.65 0
105 0.825 4.15 0
105 0.825 4.65 0
105 0.875 0.15 0
105 0.875 0.65 0
105 0.875 1.15 0
105 0.875 1.65 0
105 0.875 2.15 0
105 0.875 2.65 0
105 0.875 3.15 0
105 0.875 3.65 0
105 0.875 4.15 0
105 0.875 4.65 0
115 0.525 0.15 0
115 0.525 0.65 0
115 0.525 1.15 0
115 0.525 1.65 0
115 0.525 2.15 0
115 0.525 2.65 0
115 0.525 3.15 0
115 0.525 3.65 0
115 0.525 4.15 0
115 0.525 4.65 0
115 0.575 0.15 0
115 0.575 0.65 0
115 0.575 1.15 0
115 0.575 1.65 0
115 0.575 2.15 0
115 0.575 2.65 0
115 0.575 3.15 0
115 0.575 3.65 0
115 0.575 4.15 0
115 0.575 4.65 0
115 0.625 0.15 0
115 0.625 0.65 0
115 0.625 1.15 0
115 0.625 1.65 0
115 0.625 2.15 0
115 0.625 2.65 0
115 0.625 3.15 0
115 0.625 3.65 0
115 0.625 4.15 0
115 0.625 4.65 0
115 0.675 0.15 0
115 0.675 0.65 0
115 0.675 1.15 0
115 0.675 1.65 0
115 0.675 2.15 0
115 0.675 2.65 0
115 0.675 3.15 0
115 0.675 3.65 0
115 0.675 4.15 0
115 0.675 4.65 0
115 0.725 0.15 0
115 0.725 0.65 0
115 0.725 1.15 0
115 0.725 1.65 0
115 0.725 2.15 0
115 0.725 2.65 0
115 0.725 3.15 0
115 0.725 3.65 0
115 0.725 4.15 0
115 0.725 4.65 0
115 0.775 0.15 0
115 0.775 0.65 0
115 0.775 1.15 0
115 0.775 1.65 0
115 0.775 2.15 0
115 0.775 2.65 0
115 0.775 3.15 0
115 0.775 3.65 0
115 0.775 4.15 0
115 0.775 4.65 0
115 0.825 0.15 0
115 0.825 0.65 0
115 0.825 1.15 0
115 0.825 1.65 0
115 0.825 2.15 0
115 0.825 2.65 0
115 0.825 3.15 0
115 0.825 3.65 0
115 0.825 4.15 0
115 0.825 4.65 0
115 0.875 0.15 0
115 0.875 0.65 0
115 0.875 1.15 0
115 0.875 1.65 0
115 0.875 2.15 0
115 0.875 2.65 0
115 0.875 3.15 0
115 0.875 3.65 0
115 0.875 4.15 0
115 0.875 4.65 0
