5 0.525 0.15 1.42625
5 0.525 0.65 5.18149
5 0.525 1.15 2.48667
5 0.525 1.65 1.98064
5 0.525 2.15 1.58378
5 0.525 2.65 1.26544
5 0.525 3.15 1.01238
5 0.525 3.65 0.804236
5 0.525 4.15 0.639237
5 0.525 4.65 0.509084
5 0.575 0.15 1.64889
5 0.575 0.65 5.99033
5 0.575 1.15 2.87484
5 0.575 1.65 2.28982
5 0.575 2.15 1.83101
5 0.575 2.65 1.46298
5 0.575 3.15 1.17042
5 0.575 3.65 0.929779
5 0.575 4.15 0.739023
5 0.575 4.65 0.588553
5 0.625 0.15 1.53511
5 0.625 0.65 5.577
5 0.625 1.15 2.67648
5 0.625 1.65 2.13182
5 0.625 2.15 1.70467
5 0.625 2.65 1.36203
5 0.625 3.15 1.08966
5 0.625 3.65 0.865624
5 0.625 4.15 0.68803
5 0.625 4.65 0.547943
5 0.675 0.15 1.07978
5 0.675 0.65 3.92279
5 0.675 1.15 1.8826
5 0.675 1.65 1.49949
5 0.675 2.15 1.19904
5 0.675 2.65 0.958037
5 0.675 3.15 0.766453
5 0.675 3.65 0.608868
5 0.675 4.15 0.483951
5 0.675 4.65 0.385416
5 0.725 0.15 0.480678
5 0.725 0.65 1.74628
5 0.725 1.15 0.838064
5 0.725 1.65 0.66752
5 0.725 2.15 0.533771
5 0.725 2.65 0.426483
5 0.725 3.15 0.341197
5 0.725 3.65 0.271046
5 0.725 4.15 0.215438
5 0.725 4.65 0.171573
5 0.775 0.15 0.140219
5 0.775 0.65 0.509409
5 0.775 1.15 0.244472
5 0.775 1.65 0.194723
5 0.775 2.15 0.155707
5 0.775 2.65 0.12441
5 0.775 3.15 0.0995308
5 0.775 3.65 0.079067
5 0.775 4.15 0.0628454
5 0.775 4.65 0.0500497
5 0.825 0.15 0.0145226
5 0.825 0.65 0.05276
5 0.825 1.15 0.0253202
5 0.825 1.65 0.0201676
5 0.825 2.15 0.0161267
5 0.825 2.65 0.0128852
5 0.825 3.15 0.0103085
5 0.825 3.65 0.00818906
5 0.825 4.15 0.00650897
5 0.825 4.65 0.0051837
5 0.875 0.15 0.000339101
5 0.875 0.65 0.00123194
5 0.875 1.15 0.000591225
5 0.875 1.65 0.000470912
5 0.875 2.15 0.000376556
5 0.875 2.65 0.000300869
5 0.875 3.15 0.000240702
5 0.875 3.65 0.000191214
5 0.875 4.15 0.000151984
5 0.875 4.65 0.000121039
15 0.525 0.15 0.118699
15 0.525 0.65 0.431227
15 0.525 1.15 0.206952
15 0.525 1.65 0.164837
15 0.525 2.15 0.131809
15 0.525 2.65 0.105316
15 0.525 3.15 0.0842551
15 0.525 3.65 0.0669321
15 0.525 4.15 0.0532001
15 0.525 4.65 0.0423682
15 0.575 0.15 0.343852
15 0.575 0.65 1.2492
15 0.575 1.15 0.599508
15 0.575 1.65 0.477509
15 0.575 2.15 0.381832
15 0.575 2.65 0.305084
15 0.575 3.15 0.244075
15 0.575 3.65 0.193892
15 0.575 4.15 0.154113
15 0.575 4.65 0.122734
15 0.625 0.15 0.705185
15 0.625 0.65 2.56191
15 0.625 1.15 1.22949
15 0.625 1.65 0.979293
15 0.625 2.15 0.783075
15 0.625 2.65 0.625677
15 0.625 3.15 0.500557
15 0.625 3.65 0.397642
15 0.625 4.15 0.31606
15 0.625 4.65 0.251708
15 0.675 0.15 0.959779
15 0.675 0.65 3.48684
15 0.675 1.15 1.67338
15 0.675 1.65 1.33285
15 0.675 2.15 1.06579
15 0.675 2.65 0.851568
15 0.675 3.15 0.681275
15 0.675 3.65 0.541203
15 0.675 4.15 0.430168
15 0.675 4.65 0.342583
15 0.725 0.15 0.793421
15 0.725 0.65 2.88247
15 0.725 1.15 1.38333
15 0.725 1.65 1.10183
15 0.725 2.15 0.881057
15 0.725 2.65 0.703966
15 0.725 3.15 0.563189
15 0.725 3.65 0.447397
15 0.725 4.15 0.355607
15 0.725 4.65 0.283203
15 0.775 0.15 0.357147
15 0.775 0.65 1.2975
15 0.775 1.15 0.622687
15 0.775 1.65 0.495971
15 0.775 2.15 0.396595
15 0.775 2.65 0.31688
15 0.775 3.15 0.253511
15 0.775 3.65 0.201389
15 0.775 4.15 0.160071
15 0.775 4.65 0.12748
15 0.825 0.15 0.0752393
15 0.825 0.65 0.273341
15 0.825 1.15 0.13118
15 0.825 1.65 0.104485
15 0.825 2.15 0.0835498
15 0.825 2.65 0.0667563
15 0.825 3.15 0.0534067
15 0.825 3.65 0.0424262
15 0.825 4.15 0.0337219
15 0.825 4.65 0.0268559
15 0.875 0.15 0.00595758
15 0.875 0.65 0.0216437
15 0.875 1.15 0.0103871
15 0.875 1.65 0.00827333
15 0.875 2.15 0.00661562
15 0.875 2.65 0.00528589
15 0.875 3.15 0.00422884
15 0.875 3.65 0.00335938
15 0.875 4.15 0.00267016
15 0.875 4.65 0.0021265
25 0.525 0.15 0.000558181
25 0.525 0.65 0.00202785
25 0.525 1.15 0.000973191
25 0.525 1.65 0.000775149
25 0.525 2.15 0.000619834
25 0.525 2.65 0.000495248
25 0.525 3.15 0.00039621
25 0.525 3.65 0.000314749
25 0.525 4.15 0.000250174
25 0.525 4.65 0.000199237
25 0.575 0.15 0.00797804
25 0.575 0.65 0.0289839
25 0.575 1.15 0.0139098
25 0.575 1.65 0.0110791
25 0.575 2.15 0.00885925
25 0.575 2.65 0.00707855
25 0.575 3.15 0.00566301
25 0.575 3.65 0.00449868
25 0.575 4.15 0.00357572
25 0.575 4.65 0.00284768
25 0.625 0.15 0.057842
25 0.625 0.65 0.210138
25 0.625 1.15 0.100848
25 0.625 1.65 0.0803255
25 0.625 2.15 0.0642309
25 0.625 2.65 0.0513206
25 0.625 3.15 0.0410577
25 0.625 3.65 0.0326161
25 0.625 4.15 0.0259245
25 0.625 4.65 0.0206461
25 0.675 0.15 0.209091
25 0.675 0.65 0.75962
25 0.675 1.15 0.364551
25 0.675 1.65 0.290366
25 0.675 2.15 0.232186
25 0.675 2.65 0.185517
25 0.675 3.15 0.148418
25 0.675 3.65 0.117903
25 0.675 4.15 0.0937137
25 0.675 4.65 0.074633
25 0.725 0.15 0.341751
25 0.725 0.65 1.24157
25 0.725 1.15 0.595844
25 0.725 1.65 0.474591
25 0.725 2.15 0.379498
25 0.725 2.65 0.303219
25 0.725 3.15 0.242583
25 0.725 3.65 0.192707
25 0.725 4.15 0.153171
25 0.725 4.65 0.121984
25 0.775 0.15 0.227226
25 0.775 0.65 0.825504
25 0.775 1.15 0.39617
25 0.775 1.65 0.31555
25 0.775 2.15 0.252324
25 0.775 2.65 0.201607
25 0.775 3.15 0.161291
25 0.775 3.65 0.128129
25 0.775 4.15 0.101842
25 0.775 4.65 0.0811061
25 0.825 0.15 0.0533799
25 0.825 0.65 0.193927
25 0.825 1.15 0.0930681
25 0.825 1.65 0.0741289
25 0.825 2.15 0.0592759
25 0.825 2.65 0.0473615
25 0.825 3.15 0.0378903
25 0.825 3.65 0.0301
25 0.825 4.15 0.0239246
25 0.825 4.65 0.0190534
25 0.875 0.15 0.00370937
25 0.875 0.65 0.013476
25 0.875 1.15 0.00646731
25 0.875 1.65 0.00515122
25 0.875 2.15 0.00411909
25 0.875 2.65 0.00329115
25 0.875 3.15 0.002633
25 0.875 3.65 0.00209165
25 0.875 4.15 0.00166252
25 0.875 4.65 0.00132402
35 0.525 0.15 1.80687e-06
35 0.525 0.65 6.5643e-06
35 0.525 1.15 3.15029e-06
35 0.525 1.65 2.50921e-06
35 0.525 2.15 2.00645e-06
35 0.525 2.65 1.60316e-06
35 0.525 3.15 1.28256e-06
35 0.525 3.65 1.01887e-06
35 0.525 4.15 8.09832e-07
35 0.525 4.65 6.44945e-07
35 0.575 0.15 0.000149903
35 0.575 0.65 0.000544592
35 0.575 1.15 0.000261357
35 0.575 1.65 0.000208171
35 0.575 2.15 0.00016646
35 0.575 2.65 0.000133002
35 0.575 3.15 0.000106405
35 0.575 3.65 8.45278e-05
35 0.575 4.15 6.71858e-05
35 0.575 4.65 5.35064e-05
35 0.625 0.15 0.00347068
35 0.625 0.65 0.0126088
35 0.625 1.15 0.00605115
35 0.625 1.65 0.00481975
35 0.625 2.15 0.00385403
35 0.625 2.65 0.00307937
35 0.625 3.15 0.00246357
35 0.625 3.65 0.00195706
35 0.625 4.15 0.00155554
35 0.625 4.65 0.00123882
35 0.675 0.15 0.0300545
35 0.675 0.65 0.109187
35 0.675 1.15 0.0524001
35 0.675 1.65 0.0417368
35 0.675 2.15 0.0333741
35 0.675 2.65 0.0266659
35 0.675 3.15 0.0213334
35 0.675 3.65 0.0169472
35 0.675 4.15 0.0134703
35 0.675 4.65 0.0107276
35 0.725 0.15 0.0870123
35 0.725 0.65 0.316112
35 0.725 1.15 0.151706
35 0.725 1.65 0.120834
35 0.725 2.15 0.0966231
35 0.725 2.65 0.0772019
35 0.725 3.15 0.0617634
35 0.725 3.65 0.0490647
35 0.725 4.15 0.0389985
35 0.725 4.65 0.0310581
35 0.775 0.15 0.0763432
35 0.775 0.65 0.277352
35 0.775 1.15 0.133105
35 0.775 1.65 0.106018
35 0.775 2.15 0.0847756
35 0.775 2.65 0.0677358
35 0.775 3.15 0.0541903
35 0.775 3.65 0.0430487
35 0.775 4.15 0.0342167
35 0.775 4.65 0.0272499
35 0.825 0.15 0.0175931
35 0.825 0.65 0.0639151
35 0.825 1.15 0.0306737
35 0.825 1.65 0.0244317
35 0.825 2.15 0.0195364
35 0.825 2.65 0.0156096
35 0.825 3.15 0.012488
35 0.825 3.65 0.00992047
35 0.825 4.15 0.00788516
35 0.825 4.65 0.00627969
35 0.875 0.15 0.000868106
35 0.875 0.65 0.00315379
35 0.875 1.15 0.00151355
35 0.875 1.65 0.00120554
35 0.875 2.15 0.000963991
35 0.875 2.65 0.00077023
35 0.875 3.15 0.000616202
35 0.875 3.65 0.00048951
35 0.875 4.15 0.000389081
35 0.875 4.65 0.000309861
45 0.525 0.15 0
45 0.525 0.65 0
45 0.525 1.15 0
45 0.525 1.65 0
45 0.525 2.15 0
45 0.525 2.65 0
45 0.525 3.15 0
45 0.525 3.65 0
45 0.525 4.15 0
45 0.525 4.65 0
45 0.575 0.15 0
45 0.575 0.65 0
45 0.575 1.15 0
45 0.575 1.65 0
45 0.575 2.15 0
45 0.575 2.65 0
45 0.575 3.15 0
45 0.575 3.65 0
45 0.575 4.15 0
45 0.575 4.65 0
45 0.625 0.15 3.08482e-05
45 0.625 0.65 0.00011207
45 0.625 1.15 5.37841e-05
45 0.625 1.65 4.28391e-05
45 0.625 2.15 3.42556e-05
45 0.625 2.65 2.73702e-05
45 0.625 3.15 2.18968e-05
45 0.625 3.65 1.73948e-05
45 0.625 4.15 1.3826e-05
45 0.625 4.65 1.1011e-05
45 0.675 0.15 0.000568173
45 0.675 0.65 0.00206415
45 0.675 1.15 0.000990612
45 0.675 1.65 0.000789025
45 0.675 2.15 0.00063093
45 0.675 2.65 0.000504113
45 0.675 3.15 0.000403303
45 0.675 3.65 0.000320383
45 0.675 4.15 0.000254652
45 0.675 4.65 0.000202804
45 0.725 0.15 0.00271289
45 0.725 0.65 0.00985582
45 0.725 1.15 0.00472994
45 0.725 1.65 0.0037674
45 0.725 2.15 0.00301254
45 0.725 2.65 0.00240702
45 0.725 3.15 0.00192568
45 0.725 3.65 0.00152975
45 0.725 4.15 0.0012159
45 0.725 4.65 0.000968338
45 0.775 0.15 0.00306925
45 0.775 0.65 0.0111505
45 0.775 1.15 0.00535125
45 0.775 1.65 0.00426228
45 0.775 2.15 0.00340826
45 0.775 2.65 0.0027232
45 0.775 3.15 0.00217863
45 0.775 3.65 0.0017307
45 0.775 4.15 0.00137562
45 0.775 4.65 0.00109554
45 0.825 0.15 0.000741552
45 0.825 0.65 0.00269403
45 0.825 1.15 0.0012929
45 0.825 1.65 0.0010298
45 0.825 2.15 0.00082346
45 0.825 2.65 0.000657945
45 0.825 3.15 0.000526372
45 0.825 3.65 0.000418149
45 0.825 4.15 0.00033236
45 0.825 4.65 0.00026469
45 0.875 0.15 2.84227e-05
45 0.875 0.65 0.000103259
45 0.875 1.15 4.95551e-05
45 0.875 1.65 3.94708e-05
45 0.875 2.15 3.15621e-05
45 0.875 2.65 2.52182e-05
45 0.875 3.15 2.01751e-05
45 0.875 3.65 1.60271e-05
45 0.875 4.15 1.27389e-05
45 0.875 4.65 1.01452e-05
55 0.525 0.15 0
55 0.525 0.65 0
55 0.525 1.15 0
55 0.525 1.65 0
55 0.525 2.15 0
55 0.525 2.65 0
55 0.525 3.15 0
55 0.525 3.65 0
55 0.525 4.15 0
55 0.525 4.65 0
55 0.575 0.15 0
55 0.575 0.65 0
55 0.575 1.15 0
55 0.575 1.65 0
55 0.575 2.15 0
55 0.575 2.65 0
55 0.575 3.15 0
55 0.575 3.65 0
55 0.575 4.15 0
55 0.575 4.65 0
55 0.625 0.15 0
55 0.625 0.65 0
55 0.625 1.15 0
55 0.625 1.65 0
55 0.625 2.15 0
55 0.625 2.65 0
55 0.625 3.15 0
55 0.625 3.65 0
55 0.625 4.15 0
55 0.625 4.65 0
55 0.675 0.15 9.82086e-08
55 0.675 0.65 3.56788e-07
55 0.675 1.15 1.71227e-07
55 0.675 1.65 1.36383e-07
55 0.675 2.15 1.09056e-07
55 0.675 2.65 8.71359e-08
55 0.675 3.15 6.97109e-08
55 0.675 3.65 5.53782e-08
55 0.675 4.15 4.40166e-08
55 0.675 4.65 3.50546e-08
55 0.725 0.15 5.37782e-07
55 0.725 0.65 1.95374e-06
55 0.725 1.15 9.37625e-07
55 0.725 1.65 7.4682e-07
55 0.725 2.15 5.97182e-07
55 0.725 2.65 4.77149e-07
55 0.725 3.15 3.81731e-07
55 0.725 3.65 3.03246e-07
55 0.725 4.15 2.41031e-07
55 0.725 4.65 1.91956e-07
55 0.775 0.15 1.80916e-06
55 0.775 0.65 6.57262e-06
55 0.775 1.15 3.15429e-06
55 0.775 1.65 2.51239e-06
55 0.775 2.15 2.00899e-06
55 0.775 2.65 1.60519e-06
55 0.775 3.15 1.28419e-06
55 0.775 3.65 1.02016e-06
55 0.775 4.15 8.10859e-07
55 0.775 4.65 6.45763e-07
55 0.825 0.15 1.21726e-07
55 0.825 0.65 4.42224e-07
55 0.825 1.15 2.12229e-07
55 0.825 1.65 1.69041e-07
55 0.825 2.15 1.35171e-07
55 0.825 2.65 1.08001e-07
55 0.825 3.15 8.64037e-08
55 0.825 3.65 6.8639e-08
55 0.825 4.15 5.45568e-08
55 0.825 4.65 4.34487e-08
55 0.875 0.15 0
55 0.875 0.65 0
55 0.875 1.15 0
55 0.875 1.65 0
55 0.875 2.15 0
55 0.875 2.65 0
55 0.875 3.15 0
55 0.875 3.65 0
55 0.875 4.15 0
55 0.875 4.65 0
65 0.525 0.15 0
65 0.525 0.65 0
65 0.525 1.15 0
65 0.525 1.65 0
65 0.525 2.15 0
65 0.525 2.65 0
65 0.525 3.15 0
65 0.525 3.65 0
65 0.525 4.15 0
65 0.525 4.65 0
65 0.575 0.15 0
65 0.575 0.65 0
65 0.575 1.15 0
65 0.575 1.65 0
65 0.575 2.15 0
65 0.575 2.65 0
65 0.575 3.15 0
65 0.575 3.65 0
65 0.575 4.15 0
65 0.575 4.65 0
65 0.625 0.15 0
65 0.625 0.65 0
65 0.625 1.15 0
65 0.625 1.65 0
65 0.625 2.15 0
65 0.625 2.65 0
65 0.625 3.15 0
65 0.625 3.65 0
65 0.625 4.15 0
65 0.625 4.65 0
65 0.675 0.15 0
65 0.675 0.65 0
65 0.675 1.15 0
65 0.675 1.65 0
65 0.675 2.15 0
65 0.675 2.65 0
65 0.675 3.15 0
65 0.675 3.65 0
65 0.675 4.15 0
65 0.675 4.65 0
65 0.725 0.15 0
65 0.725 0.65 0
65 0.725 1.15 0
65 0.725 1.65 0
65 0.725 2.15 0
65 0.725 2.65 0
65 0.725 3.15 0
65 0.725 3.65 0
65 0.725 4.15 0
65 0.725 4.65 0
65 0.775 0.15 0
65 0.775 0.65 0
65 0.775 1.15 0
65 0.775 1.65 0
65 0.775 2.15 0
65 0.775 2.65 0
65 0.775 3.15 0
65 0.775 3.65 0
65 0.775 4.15 0
65 0.775 4.65 0
65 0.825 0.15 0
65 0.825 0.65 0
65 0.825 1.15 0
65 0.825 1.65 0
65 0.825 2.15 0
65 0.825 2.65 0
65 0.825 3.15 0
65 0.825 3.65 0
65 0.825 4.15 0
65 0.825 4.65 0
65 0.875 0.15 0
65 0.875 0.65 0
65 0.875 1.15 0
65 0.875 1.65 0
65 0.875 2.15 0
65 0.875 2.65 0
65 0.875 3.15 0
65 0.875 3.65 0
65 0.875 4.15 0
65 0.875 4.65 0
75 0.525 0.15 0
75 0.525 0.65 0
75 0.525 1.15 0
75 0.525 1.65 0
75 0.525 2.15 0
75 0.525 2.65 0
75 0.525 3.15 0
75 0.525 3.65 0
75 0.525 4.15 0
75 0.525 4.65 0
75 0.575 0.15 0
75 0.575 0.65 0
75 0.575 1.15 0
75 0.575 1.65 0
75 0.575 2.15 0
75 0.575 2.65 0
75 0.575 3.15 0
75 0.575 3.65 0
75 0.575 4.15 0
75 0.575 4.65 0
75 0.625 0.15 0
75 0.625 0.65 0
75 0.625 1.15 0
75 0.625 1.65 0
75 0.625 2.15 0
75 0.625 2.65 0
75 0.625 3.15 0
75 0.625 3.65 0
75 0.625 4.15 0
75 0.625 4.65 0
75 0.675 0.15 0
75 0.675 0.65 0
75 0.675 1.15 0
75 0.675 1.65 0
75 0.675 2.15 0
75 0.675 2.65 0
75 0.675 3.15 0
75 0.675 3.65 0
75 0.675 4.15 0
75 0.675 4.65 0
75 0.725 0.15 0
75 0.725 0.65 0
75 0.725 1.15 0
75 0.725 1.65 0
75 0.725 2.15 0
75 0.725 2.65 0
75 0.725 3.15 0
75 0.725 3.65 0
75 0.725 4.15 0
75 0.725 4.65 0
75 0.775 0.15 0
75 0.775 0.65 0
75 0.775 1.15 0
75 0.775 1.65 0
75 0.775 2.15 0
75 0.775 2.65 0
75 0.775 3.15 0
75 0.775 3.65 0
75 0.775 4.15 0
75 0.775 4.65 0
75 0.825 0.15 0
75 0.825 0.65 0
75 0.825 1.15 0
75 0.825 1.65 0
75 0.825 2.15 0
75 0.825 2.65 0
75 0.825 3.15 0
75 0.825 3.65 0
75 0.825 4.15 0
75 0.825 4.65 0
75 0.875 0.15 0
75 0.875 0.65 0
75 0.875 1.15 0
75 0.875 1.65 0
75 0.875 2.15 0
75 0.875 2.65 0
75 0.875 3.15 0
75 0.875 3.65 0
75 0.875 4.15 0
75 0.875 4.65 0
85 0.525 0.15 0
85 0.525 0.65 0
85 0.525 1.15 0
85 0.525 1.65 0
85 0.525 2.15 0
85 0.525 2.65 0
85 0.525 3.15 0
85 0.525 3.65 0
85 0.525 4.15 0
85 0.525 4.65 0
85 0.575 0.15 0
85 0.575 0.65 0
85 0.575 1.15 0
85 0.575 1.65 0
85 0.575 2.15 0
85 0.575 2.65 0
85 0.575 3.15 0
85 0.575 3.65 0
85 0.575 4.15 0
85 0.575 4.65 0
85 0.625 0.15 0
85 0.625 0.65 0
85 0.625 1.15 0
85 0.625 1.65 0
85 0.625 2.15 0
85 0.625 2.65 0
85 0.625 3.15 0
85 0.625 3.65 0
85 0.625 4.15 0
85 0.625 4.65 0
85 0.675 0.15 0
85 0.675 0.65 0
85 0.675 1.15 0
85 0.675 1.65 0
85 0.675 2.15 0
85 0.675 2.65 0
85 0.675 3.15 0
85 0.675 3.65 0
85 0.675 4.15 0
85 0.675 4.65 0
85 0.725 0.15 0
85 0.725 0.65 0
85 0.725 1.15 0
85 0.725 1.65 0
85 0.725 2.15 0
85 0.725 2.65 0
85 0.725 3.15 0
85 0.725 3.65 0
85 0.725 4.15 0
85 0.725 4.65 0
85 0.775 0.15 0
85 0.775 0.65 0
85 0.775 1.15 0
85 0.775 1.65 0
85 0.775 2.15 0
85 0.775 2.65 0
85 0.775 3.15 0
85 0.775 3.65 0
85 0.775 4.15 0
85 0.775 4.65 0
85 0.825 0.15 0
85 0.825 0.65 0
85 0.825 1.15 0
85 0.825 1.65 0
85 0.825 2.15 0
85 0.825 2.65 0
85 0.825 3.15 0
85 0.825 3.65 0
85 0.825 4.15 0
85 0.825 4.65 0
85 0.875 0.15 0
85 0.875 0.65 0
85 0.875 1.15 0
85 0.875 1.65 0
85 0.875 2.15 0
85 0.875 2.65 0
85 0.875 3.15 0
85 0.875 3.65 0
85 0.875 4.15 0
85 0.875 4.65 0
95 0.525 0.15 0
95 0.525 0.65 0
95 0.525 1.15 0
95 0.525 1.65 0
95 0.525 2.15 0
95 0.525 2.65 0
95 0.525 3.15 0
95 0.525 3.65 0
95 0.525 4.15 0
95 0.525 4.65 0
95 0.575 0.15 0
95 0.575 0.65 0
95 0.575 1.15 0
95 0.575 1.65 0
95 0.575 2.15 0
95 0.575 2.65 0
95 0.575 3.15 0
95 0.575 3.65 0
95 0.575 4.15 0
95 0.575 4.65 0
95 0.625 0.15 0
95 0.625 0.65 0
95 0.625 1.15 0
95 0.625 1.65 0
95 0.625 2.15 0
95 0.625 2.65 0
95 0.625 3.15 0
95 0.625 3.65 0
95 0.625 4.15 0
95 0.625 4.65 0
95 0.675 0.15 0
95 0.675 0.65 0
95 0.675 1.15 0
95 0.675 1.65 0
95 0.675 2.15 0
95 0.675 2.65 0
95 0.675 3.15 0
95 0.675 3.65 0
95 0.675 4.15 0
95 0.675 4.65 0
95 0.725 0.15 0
95 0.725 0.65 0
95 0.725 1.15 0
95 0.725 1.65 0
95 0.725 2.15 0
95 0.725 2.65 0
95 0.725 3.15 0
95 0.725 3.65 0
95 0.725 4.15 0
95 0.725 4.65 0
95 0.775 0.15 0
95 0.775 0.65 0
95 0.775 1.15 0
95 0.775 1.65 0
95 0.775 2.15 0
95 0.775 2.65 0
95 0.775 3.15 0
95 0.775 3.65 0
95 0.775 4.15 0
95 0.775 4.65 0
95 0.825 0.15 0
95 0.825 0.65 0
95 0.825 1.15 0
95 0.825 1.65 0
95 0.825 2.15 0
95 0.825 2.65 0
95 0.825 3.15 0
95 0.825 3.65 0
95 0.825 4.15 0
95 0.825 4.65 0
95 0.875 0.15 0
95 0.875 0.65 0
95 0.875 1.15 0
95 0.875 1.65 0
95 0.875 2.15 0
95 0.875 2.65 0
95 0.875 3.15 0
95 0.875 3.65 0
95 0.875 4.15 0
95 0.875 4.65 0
105 0.525 0.15 0
105 0.525 0.65 0
105 0.525 1.15 0
105 0.525 1.65 0
105 0.525 2.15 0
105 0.525 2.65 0
105 0.525 3.15 0
105 0.525 3.65 0
105 0.525 4.15 0
105 0.525 4.65 0
105 0.575 0.15 0
105 0.575 0.65 0
105 0.575 1.15 0
105 0.575 1.65 0
105 0.575 2.15 0
105 0.575 2.65 0
105 0.575 3.15 0
105 0.575 3.65 0
105 0.575 4.15 0
105 0.575 4.65 0
105 0.625 0.15 0
105 0.625 0.65 0
105 0.625 1.15 0
105 0.625 1.65 0
105 0.625 2.15 0
105 0.625 2.65 0
105 0.625 3.15 0
105 0.625 3.65 0
105 0.625 4.15 0
105 0.625 4.65 0
105 0.675 0.15 0
105 0.675 0.65 0
105 0.675 1.15 0
105 0.675 1.65 0
105 0.675 2.15 0
105 0.675 2.65 0
105 0.675 3.15 0
105 0.675 3.65 0
105 0.675 4.15 0
105 0.675 4.65 0
105 0.725 0.15 0
105 0.725 0.65 0
105 0.725 1.15 0
105 0.725 1.65 0
105 0.725 2.15 0
105 0.725 2.65 0
105 0.725 3.15 0
105 0.725 3.65 0
105 0.725 4.15 0
105 0.725 4.65 0
105 0.775 0.15 0
105 0.775 0.65 0
105 0.775 1.15 0
105 0.775 1.65 0
105 0.775 2.15 0
105 0.775 2.65 0
105 0.775 3.15 0
105 0.775 3.65 0
105 0.775 4.15 0
105 0.775 4.65 0
105 0.825 0.15 0
105 0.825 0.65 0
105 0.825 1.15 0
105 0.825 1.65 0
105 0.825 2.15 0
105 0.825 2.65 0
105 0.825 3.15 0
105 0.825 3.65 0
105 0.825 4.15 0
105 0.825 4.65 0
105 0.875 0.15 0
105 0.875 0.65 0
105 0.875 1.15 0
105 0.875 1.65 0
105 0.875 2.15 0
105 0.875 2.65 0
105 0.875 3.15 0
105 0.875 3.65 0
105 0.875 4.15 0
105 0.875 4.65 0
115 0.525 0.15 0
115 0.525 0.65 0
115 0.525 1.15 0
115 0.525 1.65 0
115 0.525 2.15 0
115 0.525 2.65 0
115 0.525 3.15 0
115 0.525 3.65 0
115 0.525 4.15 0
115 0.525 4.65 0
115 0.575 0.15 0
115 0.575 0.65 0
115 0.575 1.15 0
115 0.575 1.65 0
115 0.575 2.15 0
115 0.575 2.65 0
115 0.575 3.15 0
115 0.575 3.65 0
115 0.575 4.15 0
115 0.575 4.65 0
115 0.625 0.15 0
115 0.625 0.65 0
115 0.625 1.15 0
115 0.625 1.65 0
115 0.625 2.15 0
115 0.625 2.65 0
115 0.625 3.15 0
115 0.625 3.65 0
115 0.625 4.15 0
115 0.625 4.65 0
115 0.675 0.15 0
115 0.675 0.65 0
115 0.675 1.15 0
115 0.675 1.65 0
115 0.675 2.15 0
115 0.675 2.65 0
115 0.675 3.15 0
115 0.675 3.65 0
115 0.675 4.15 0
115 0.675 4.65 0
115 0.725 0.15 0
115 0.725 0.65 0
115 0.725 1.15 0
115 0.725 1.65 0
115 0.725 2.15 0
115 0.725 2.65 0
115 0.725 3.15 0
115 0.725 3.65 0
115 0.725 4.15 0
115 0.725 4.65 0
115 0.775 0.15 0
115 0.775 0.65 0
115 0.775 1.15 0
115 0.775 1.65 0
115 0.775 2.15 0
115 0.775 2.65 0
115 0.775 3.15 0
115 0.775 3.65 0
115 0.775 4.15 0
115 0.775 4.65 0
115 0.825 0.15 0
115 0.825 0.65 0
115 0.825 1.15 0
115 0.825 1.65 0
115 0.825 2.15 0
115 0.825 2.65 0
115 0.825 3.15 0
115 0.825 3.65 0
115 0.825 4.15 0
115 0.825 4.65 0
115 0.875 0.15 0
115 0.875 0.65 0
115 0.875 1.15 0
115 0.875 1.65 0
115 0.875 2.15 0
115 0.875 2.65 0
115 0.875 3.15 0
115 0.875 3.65 0
115 0.875 4.15 0
115 0.875 4.65 0
