5 0.525 0.15 32
5 0.525 0.65 44
5 0.525 1.15 23
5 0.525 1.65 31
5 0.525 2.15 29
5 0.525 2.65 26
5 0.525 3.15 33
5 0.525 3.65 22
5 0.525 4.15 25
5 0.525 4.65 24
5 0.575 0.15 17
5 0.575 0.65 36
5 0.575 1.15 28
5 0.575 1.65 14
5 0.575 2.15 17
5 0.575 2.65 18
5 0.575 3.15 24
5 0.575 3.65 21
5 0.575 4.15 18
5 0.575 4.65 20
5 0.625 0.15 11
5 0.625 0.65 31
5 0.625 1.15 17
5 0.625 1.65 19
5 0.625 2.15 10
5 0.625 2.65 14
5 0.625 3.15 12
5 0.625 3.65 13
5 0.625 4.15 14
5 0.625 4.65 11
5 0.675 0.15 13
5 0.675 0.65 22
5 0.675 1.15 13
5 0.675 1.65 12
5 0.675 2.15 14
5 0.675 2.65 11
5 0.675 3.15 11
5 0.675 3.65 10
5 0.675 4.15 10
5 0.675 4.65 7
5 0.725 0.15 9
5 0.725 0.65 27
5 0.725 1.15 15
5 0.725 1.65 7
5 0.725 2.15 6
5 0.725 2.65 15
5 0.725 3.15 12
5 0.725 3.65 5
5 0.725 4.15 9
5 0.725 4.65 15
5 0.775 0.15 13
5 0.775 0.65 27
5 0.775 1.15 8
5 0.775 1.65 12
5 0.775 2.15 8
5 0.775 2.65 12
5 0.775 3.15 8
5 0.775 3.65 10
5 0.775 4.15 13
5 0.775 4.65 9
5 0.825 0.15 11
5 0.825 0.65 11
5 0.825 1.15 10
5 0.825 1.65 5
5 0.825 2.15 10
5 0.825 2.65 8
5 0.825 3.15 15
5 0.825 3.65 12
5 0.825 4.15 8
5 0.825 4.65 6
5 0.875 0.15 10
5 0.875 0.65 9
5 0.875 1.15 11
5 0.875 1.65 4
5 0.875 2.15 12
5 0.875 2.65 5
5 0.875 3.15 10
5 0.875 3.65 8
5 0.875 4.15 6
5 0.875 4.65 6
15 0.525 0.15 21
15 0.525 0.65 15
15 0.525 1.15 11
15 0.525 1.65 7
15 0.525 2.15 15
15 0.525 2.65 6
15 0.525 3.15 14
15 0.525 3.65 14
15 0.525 4.15 10
15 0.525 4.65 8
15 0.575 0.15 3
15 0.575 0.65 9
15 0.575 1.15 10
15 0.575 1.65 8
15 0.575 2.15 5
15 0.575 2.65 7
15 0.575 3.15 4
15 0.575 3.65 7
15 0.575 4.15 3
15 0.575 4.65 5
15 0.625 0.15 12
15 0.625 0.65 28
15 0.625 1.15 8
15 0.625 1.65 6
15 0.625 2.15 7
15 0.625 2.65 6
15 0.625 3.15 3
15 0.625 3.65 4
15 0.625 4.15 8
15 0.625 4.65 3
15 0.675 0.15 7
15 0.675 0.65 45
15 0.675 1.15 11
15 0.675 1.65 9
15 0.675 2.15 5
15 0.675 2.65 10
15 0.675 3.15 7
15 0.675 3.65 3
15 0.675 4.15 7
15 0.675 4.65 5
15 0.725 0.15 4
15 0.725 0.65 31
15 0.725 1.15 8
15 0.725 1.65 10
15 0.725 2.15 4
15 0.725 2.65 5
15 0.725 3.15 8
15 0.725 3.65 7
15 0.725 4.15 8
15 0.725 4.65 2
15 0.775 0.15 10
15 0.775 0.65 19
15 0.775 1.15 9
15 0.775 1.65 8
15 0.775 2.15 6
15 0.775 2.65 0
15 0.775 3.15 5
15 0.775 3.65 5
15 0.775 4.15 5
15 0.775 4.65 6
15 0.825 0.15 8
15 0.825 0.65 9
15 0.825 1.15 11
15 0.825 1.65 7
15 0.825 2.15 9
15 0.825 2.65 7
15 0.825 3.15 6
15 0.825 3.65 6
15 0.825 4.15 7
15 0.825 4.65 7
15 0.875 0.15 5
15 0.875 0.65 10
15 0.875 1.15 9
15 0.875 1.65 9
15 0.875 2.15 10
15 0.875 2.65 12
15 0.875 3.15 4
15 0.875 3.65 6
15 0.875 4.15 13
15 0.875 4.65 6
25 0.525 0.15 3
25 0.525 0.65 5
25 0.525 1.15 7
25 0.525 1.65 5
25 0.525 2.15 7
25 0.525 2.65 2
25 0.525 3.15 5
25 0.525 3.65 6
25 0.525 4.15 6
25 0.525 4.65 4
25 0.575 0.15 5
25 0.575 0.65 5
25 0.575 1.15 4
25 0.575 1.65 5
25 0.575 2.15 3
25 0.575 2.65 7
25 0.575 3.15 3
25 0.575 3.65 8
25 0.575 4.15 5
25 0.575 4.65 4
25 0.625 0.15 6
25 0.625 0.65 10
25 0.625 1.15 6
25 0.625 1.65 2
25 0.625 2.15 0
25 0.625 2.65 5
25 0.625 3.15 7
25 0.625 3.65 5
25 0.625 4.15 4
25 0.625 4.65 4
25 0.675 0.15 3
25 0.675 0.65 24
25 0.675 1.15 4
25 0.675 1.65 0
25 0.675 2.15 4
25 0.675 2.65 1
25 0.675 3.15 2
25 0.675 3.65 4
25 0.675 4.15 0
25 0.675 4.65 2
25 0.725 0.15 8
25 0.725 0.65 23
25 0.725 1.15 5
25 0.725 1.65 6
25 0.725 2.15 8
25 0.725 2.65 5
25 0.725 3.15 3
25 0.725 3.65 0
25 0.725 4.15 6
25 0.725 4.65 0
25 0.775 0.15 3
25 0.775 0.65 18
25 0.775 1.15 7
25 0.775 1.65 4
25 0.775 2.15 4
25 0.775 2.65 5
25 0.775 3.15 3
25 0.775 3.65 3
25 0.775 4.15 4
25 0.775 4.65 0
25 0.825 0.15 8
25 0.825 0.65 13
25 0.825 1.15 6
25 0.825 1.65 3
25 0.825 2.15 5
25 0.825 2.65 2
25 0.825 3.15 5
25 0.825 3.65 4
25 0.825 4.15 3
25 0.825 4.65 3
25 0.875 0.15 11
25 0.875 0.65 6
25 0.875 1.15 3
25 0.875 1.65 5
25 0.875 2.15 5
25 0.875 2.65 9
25 0.875 3.15 8
25 0.875 3.65 4
25 0.875 4.15 5
25 0.875 4.65 4
35 0.525 0.15 4
35 0.525 0.65 4
35 0.525 1.15 3
35 0.525 1.65 5
35 0.525 2.15 4
35 0.525 2.65 9
35 0.525 3.15 4
35 0.525 3.65 3
35 0.525 4.15 7
35 0.525 4.65 6
35 0.575 0.15 4
35 0.575 0.65 1
35 0.575 1.15 2
35 0.575 1.65 3
35 0.575 2.15 5
35 0.575 2.65 2
35 0.575 3.15 3
35 0.575 3.65 3
35 0.575 4.15 4
35 0.575 4.65 2
35 0.625 0.15 2
35 0.625 0.65 4
35 0.625 1.15 3
35 0.625 1.65 2
35 0.625 2.15 2
35 0.625 2.65 1
35 0.625 3.15 2
35 0.625 3.65 1
35 0.625 4.15 2
35 0.625 4.65 3
35 0.675 0.15 4
35 0.675 0.65 12
35 0.675 1.15 6
35 0.675 1.65 2
35 0.675 2.15 3
35 0.675 2.65 3
35 0.675 3.15 2
35 0.675 3.65 2
35 0.675 4.15 2
35 0.675 4.65 4
35 0.725 0.15 1
35 0.725 0.65 14
35 0.725 1.15 3
35 0.725 1.65 1
35 0.725 2.15 3
35 0.725 2.65 4
35 0.725 3.15 5
35 0.725 3.65 0
35 0.725 4.15 2
35 0.725 4.65 3
35 0.775 0.15 2
35 0.775 0.65 20
35 0.775 1.15 6
35 0.775 1.65 2
35 0.775 2.15 4
35 0.775 2.65 5
35 0.775 3.15 0
35 0.775 3.65 5
35 0.775 4.15 4
35 0.775 4.65 4
35 0.825 0.15 4
35 0.825 0.65 5
35 0.825 1.15 3
35 0.825 1.65 1
35 0.825 2.15 3
35 0.825 2.65 2
35 0.825 3.15 3
35 0.825 3.65 1
35 0.825 4.15 4
35 0.825 4.65 2
35 0.875 0.15 5
35 0.875 0.65 3
35 0.875 1.15 2
35 0.875 1.65 7
35 0.875 2.15 6
35 0.875 2.65 6
35 0.875 3.15 4
35 0.875 3.65 2
35 0.875 4.15 4
35 0.875 4.65 2
45 0.525 0.15 3
45 0.525 0.65 2
45 0.525 1.15 2
45 0.525 1.65 4
45 0.525 2.15 2
45 0.525 2.65 8
45 0.525 3.15 3
45 0.525 3.65 4
45 0.525 4.15 6
45 0.525 4.65 1
45 0.575 0.15 1
45 0.575 0.65 6
45 0.575 1.15 4
45 0.575 1.65 4
45 0.575 2.15 4
45 0.575 2.65 3
45 0.575 3.15 4
45 0.575 3.65 0
45 0.575 4.15 2
45 0.575 4.65 4
45 0.625 0.15 2
45 0.625 0.65 2
45 0.625 1.15 1
45 0.625 1.65 3
45 0.625 2.15 1
45 0.625 2.65 1
45 0.625 3.15 1
45 0.625 3.65 0
45 0.625 4.15 4
45 0.625 4.65 2
45 0.675 0.15 2
45 0.675 0.65 7
45 0.675 1.15 2
45 0.675 1.65 1
45 0.675 2.15 3
45 0.675 2.65 1
45 0.675 3.15 1
45 0.675 3.65 4
45 0.675 4.15 2
45 0.675 4.65 1
45 0.725 0.15 4
45 0.725 0.65 10
45 0.725 1.15 4
45 0.725 1.65 3
45 0.725 2.15 1
45 0.725 2.65 0
45 0.725 3.15 0
45 0.725 3.65 2
45 0.725 4.15 2
45 0.725 4.65 0
45 0.775 0.15 0
45 0.775 0.65 15
45 0.775 1.15 4
45 0.775 1.65 3
45 0.775 2.15 1
45 0.775 2.65 1
45 0.775 3.15 2
45 0.775 3.65 1
45 0.775 4.15 1
45 0.775 4.65 2
45 0.825 0.15 3
45 0.825 0.65 6
45 0.825 1.15 3
45 0.825 1.65 4
45 0.825 2.15 3
45 0.825 2.65 2
45 0.825 3.15 1
45 0.825 3.65 0
45 0.825 4.15 1
45 0.825 4.65 3
45 0.875 0.15 3
45 0.875 0.65 7
45 0.875 1.15 1
45 0.875 1.65 2
45 0.875 2.15 3
45 0.875 2.65 2
45 0.875 3.15 3
45 0.875 3.65 5
45 0.875 4.15 1
45 0.875 4.65 2
55 0.525 0.15 1
55 0.525 0.65 3
55 0.525 1.15 3
55 0.525 1.65 3
55 0.525 2.15 2
55 0.525 2.65 2
55 0.525 3.15 4
55 0.525 3.65 4
55 0.525 4.15 3
55 0.525 4.65 3
55 0.575 0.15 4
55 0.575 0.65 2
55 0.575 1.15 1
55 0.575 1.65 3
55 0.575 2.15 3
55 0.575 2.65 1
55 0.575 3.15 1
55 0.575 3.65 5
55 0.575 4.15 1
55 0.575 4.65 3
55 0.625 0.15 3
55 0.625 0.65 2
55 0.625 1.15 3
55 0.625 1.65 2
55 0.625 2.15 0
55 0.625 2.65 1
55 0.625 3.15 3
55 0.625 3.65 0
55 0.625 4.15 2
55 0.625 4.65 2
55 0.675 0.15 1
55 0.675 0.65 6
55 0.675 1.15 3
55 0.675 1.65 0
55 0.675 2.15 3
55 0.675 2.65 0
55 0.675 3.15 1
55 0.675 3.65 0
55 0.675 4.15 2
55 0.675 4.65 0
55 0.725 0.15 3
55 0.725 0.65 12
55 0.725 1.15 3
55 0.725 1.65 4
55 0.725 2.15 3
55 0.725 2.65 2
55 0.725 3.15 1
55 0.725 3.65 0
55 0.725 4.15 0
55 0.725 4.65 3
55 0.775 0.15 4
55 0.775 0.65 12
55 0.775 1.15 2
55 0.775 1.65 2
55 0.775 2.15 0
55 0.775 2.65 2
55 0.775 3.15 1
55 0.775 3.65 4
55 0.775 4.15 1
55 0.775 4.65 0
55 0.825 0.15 1
55 0.825 0.65 6
55 0.825 1.15 4
55 0.825 1.65 0
55 0.825 2.15 2
55 0.825 2.65 2
55 0.825 3.15 1
55 0.825 3.65 0
55 0.825 4.15 2
55 0.825 4.65 2
55 0.875 0.15 0
55 0.875 0.65 4
55 0.875 1.15 3
55 0.875 1.65 3
55 0.875 2.15 5
55 0.875 2.65 2
55 0.875 3.15 4
55 0.875 3.65 3
55 0.875 4.15 2
55 0.875 4.65 5
65 0.525 0.15 0
65 0.525 0.65 3
65 0.525 1.15 1
65 0.525 1.65 2
65 0.525 2.15 0
65 0.525 2.65 2
65 0.525 3.15 1
65 0.525 3.65 1
65 0.525 4.15 3
65 0.525 4.65 3
65 0.575 0.15 2
65 0.575 0.65 3
65 0.575 1.15 0
65 0.575 1.65 3
65 0.575 2.15 0
65 0.575 2.65 6
65 0.575 3.15 1
65 0.575 3.65 1
65 0.575 4.15 1
65 0.575 4.65 2
65 0.625 0.15 2
65 0.625 0.65 2
65 0.625 1.15 0
65 0.625 1.65 2
65 0.625 2.15 0
65 0.625 2.65 0
65 0.625 3.15 0
65 0.625 3.65 0
65 0.625 4.15 3
65 0.625 4.65 0
65 0.675 0.15 1
65 0.675 0.65 3
65 0.675 1.15 2
65 0.675 1.65 2
65 0.675 2.15 1
65 0.675 2.65 1
65 0.675 3.15 1
65 0.675 3.65 1
65 0.675 4.15 3
65 0.675 4.65 1
65 0.725 0.15 2
65 0.725 0.65 9
65 0.725 1.15 2
65 0.725 1.65 3
65 0.725 2.15 0
65 0.725 2.65 1
65 0.725 3.15 3
65 0.725 3.65 2
65 0.725 4.15 3
65 0.725 4.65 2
65 0.775 0.15 3
65 0.775 0.65 7
65 0.775 1.15 0
65 0.775 1.65 1
65 0.775 2.15 2
65 0.775 2.65 2
65 0.775 3.15 5
65 0.775 3.65 2
65 0.775 4.15 1
65 0.775 4.65 5
65 0.825 0.15 0
65 0.825 0.65 4
65 0.825 1.15 0
65 0.825 1.65 2
65 0.825 2.15 1
65 0.825 2.65 2
65 0.825 3.15 1
65 0.825 3.65 0
65 0.825 4.15 0
65 0.825 4.65 3
65 0.875 0.15 1
65 0.875 0.65 1
65 0.875 1.15 2
65 0.875 1.65 2
65 0.875 2.15 1
65 0.875 2.65 2
65 0.875 3.15 0
65 0.875 3.65 0
65 0.875 4.15 7
65 0.875 4.65 2
75 0.525 0.15 2
75 0.525 0.65 1
75 0.525 1.15 6
75 0.525 1.65 2
75 0.525 2.15 0
75 0.525 2.65 1
75 0.525 3.15 2
75 0.525 3.65 2
75 0.525 4.15 2
75 0.525 4.65 1
75 0.575 0.15 2
75 0.575 0.65 3
75 0.575 1.15 4
75 0.575 1.65 1
75 0.575 2.15 1
75 0.575 2.65 2
75 0.575 3.15 0
75 0.575 3.65 1
75 0.575 4.15 2
75 0.575 4.65 0
75 0.625 0.15 0
75 0.625 0.65 2
75 0.625 1.15 2
75 0.625 1.65 1
75 0.625 2.15 1
75 0.625 2.65 0
75 0.625 3.15 0
75 0.625 3.65 2
75 0.625 4.15 1
75 0.625 4.65 3
75 0.675 0.15 1
75 0.675 0.65 4
75 0.675 1.15 0
75 0.675 1.65 2
75 0.675 2.15 0
75 0.675 2.65 2
75 0.675 3.15 0
75 0.675 3.65 1
75 0.675 4.15 2
75 0.675 4.65 1
75 0.725 0.15 1
75 0.725 0.65 8
75 0.725 1.15 2
75 0.725 1.65 1
75 0.725 2.15 1
75 0.725 2.65 2
75 0.725 3.15 1
75 0.725 3.65 4
75 0.725 4.15 4
75 0.725 4.65 1
75 0.775 0.15 3
75 0.775 0.65 7
75 0.775 1.15 3
75 0.775 1.65 3
75 0.775 2.15 0
75 0.775 2.65 1
75 0.775 3.15 0
75 0.775 3.65 2
75 0.775 4.15 2
75 0.775 4.65 0
75 0.825 0.15 0
75 0.825 0.65 3
75 0.825 1.15 2
75 0.825 1.65 2
75 0.825 2.15 4
75 0.825 2.65 3
75 0.825 3.15 1
75 0.825 3.65 0
75 0.825 4.15 1
75 0.825 4.65 1
75 0.875 0.15 0
75 0.875 0.65 1
75 0.875 1.15 2
75 0.875 1.65 5
75 0.875 2.15 1
75 0.875 2.65 2
75 0.875 3.15 3
75 0.875 3.65 3
75 0.875 4.15 1
75 0.875 4.65 2
85 0.525 0.15 2
85 0.525 0.65 2
85 0.525 1.15 0
85 0.525 1.65 2
85 0.525 2.15 1
85 0.525 2.65 1
85 0.525 3.15 1
85 0.525 3.65 3
85 0.525 4.15 3
85 0.525 4.65 1
85 0.575 0.15 1
85 0.575 0.65 1
85 0.575 1.15 0
85 0.575 1.65 3
85 0.575 2.15 2
85 0.575 2.65 1
85 0.575 3.15 1
85 0.575 3.65 2
85 0.575 4.15 1
85 0.575 4.65 3
85 0.625 0.15 0
85 0.625 0.65 2
85 0.625 1.15 0
85 0.625 1.65 1
85 0.625 2.15 4
85 0.625 2.65 0
85 0.625 3.15 1
85 0.625 3.65 0
85 0.625 4.15 0
85 0.625 4.65 1
85 0.675 0.15 1
85 0.675 0.65 4
85 0.675 1.15 2
85 0.675 1.65 1
85 0.675 2.15 1
85 0.675 2.65 2
85 0.675 3.15 0
85 0.675 3.65 0
85 0.675 4.15 1
85 0.675 4.65 0
85 0.725 0.15 4
85 0.725 0.65 8
85 0.725 1.15 2
85 0.725 1.65 1
85 0.725 2.15 0
85 0.725 2.65 1
85 0.725 3.15 1
85 0.725 3.65 4
85 0.725 4.15 1
85 0.725 4.65 1
85 0.775 0.15 0
85 0.775 0.65 13
85 0.775 1.15 2
85 0.775 1.65 1
85 0.775 2.15 1
85 0.775 2.65 0
85 0.775 3.15 3
85 0.775 3.65 2
85 0.775 4.15 1
85 0.775 4.65 2
85 0.825 0.15 1
85 0.825 0.65 1
85 0.825 1.15 0
85 0.825 1.65 1
85 0.825 2.15 1
85 0.825 2.65 1
85 0.825 3.15 1
85 0.825 3.65 2
85 0.825 4.15 2
85 0.825 4.65 1
85 0.875 0.15 3
85 0.875 0.65 2
85 0.875 1.15 3
85 0.875 1.65 1
85 0.875 2.15 2
85 0.875 2.65 2
85 0.875 3.15 3
85 0.875 3.65 3
85 0.875 4.15 2
85 0.875 4.65 1
95 0.525 0.15 2
95 0.525 0.65 1
95 0.525 1.15 5
95 0.525 1.65 0
95 0.525 2.15 1
95 0.525 2.65 3
95 0.525 3.15 1
95 0.525 3.65 1
95 0.525 4.15 1
95 0.525 4.65 3
95 0.575 0.15 1
95 0.575 0.65 1
95 0.575 1.15 1
95 0.575 1.65 3
95 0.575 2.15 1
95 0.575 2.65 2
95 0.575 3.15 0
95 0.575 3.65 1
95 0.575 4.15 2
95 0.575 4.65 1
95 0.625 0.15 2
95 0.625 0.65 1
95 0.625 1.15 2
95 0.625 1.65 0
95 0.625 2.15 1
95 0.625 2.65 0
95 0.625 3.15 0
95 0.625 3.65 0
95 0.625 4.15 1
95 0.625 4.65 3
95 0.675 0.15 2
95 0.675 0.65 4
95 0.675 1.15 0
95 0.675 1.65 0
95 0.675 2.15 1
95 0.675 2.65 0
95 0.675 3.15 0
95 0.675 3.65 2
95 0.675 4.15 2
95 0.675 4.65 1
95 0.725 0.15 0
95 0.725 0.65 7
95 0.725 1.15 1
95 0.725 1.65 1
95 0.725 2.15 0
95 0.725 2.65 2
95 0.725 3.15 3
95 0.725 3.65 3
95 0.725 4.15 0
95 0.725 4.65 0
95 0.775 0.15 3
95 0.775 0.65 10
95 0.775 1.15 4
95 0.775 1.65 2
95 0.775 2.15 1
95 0.775 2.65 2
95 0.775 3.15 0
95 0.775 3.65 0
95 0.775 4.15 3
95 0.775 4.65 2
95 0.825 0.15 2
95 0.825 0.65 1
95 0.825 1.15 0
95 0.825 1.65 0
95 0.825 2.15 1
95 0.825 2.65 2
95 0.825 3.15 0
95 0.825 3.65 3
95 0.825 4.15 2
95 0.825 4.65 0
95 0.875 0.15 0
95 0.875 0.65 0
95 0.875 1.15 0
95 0.875 1.65 0
95 0.875 2.15 2
95 0.875 2.65 0
95 0.875 3.15 1
95 0.875 3.65 0
95 0.875 4.15 0
95 0.875 4.65 0
105 0.525 0.15 0
105 0.525 0.65 2
105 0.525 1.15 2
105 0.525 1.65 1
105 0.525 2.15 1
105 0.525 2.65 1
105 0.525 3.15 2
105 0.525 3.65 1
105 0.525 4.15 1
105 0.525 4.65 4
105 0.575 0.15 1
105 0.575 0.65 3
105 0.575 1.15 2
105 0.575 1.65 2
105 0.575 2.15 1
105 0.575 2.65 1
105 0.575 3.15 0
105 0.575 3.65 1
105 0.575 4.15 1
105 0.575 4.65 3
105 0.625 0.15 1
105 0.625 0.65 2
105 0.625 1.15 0
105 0.625 1.65 0
105 0.625 2.15 1
105 0.625 2.65 1
105 0.625 3.15 0
105 0.625 3.65 1
105 0.625 4.15 3
105 0.625 4.65 3
105 0.675 0.15 1
105 0.675 0.65 3
105 0.675 1.15 2
105 0.675 1.65 1
105 0.675 2.15 1
105 0.675 2.65 1
105 0.675 3.15 2
105 0.675 3.65 0
105 0.675 4.15 1
105 0.675 4.65 3
105 0.725 0.15 1
105 0.725 0.65 5
105 0.725 1.15 0
105 0.725 1.65 0
105 0.725 2.15 1
105 0.725 2.65 1
105 0.725 3.15 3
105 0.725 3.65 1
105 0.725 4.15 0
105 0.725 4.65 1
105 0.775 0.15 3
105 0.775 0.65 5
105 0.775 1.15 2
105 0.775 1.65 0
105 0.775 2.15 2
105 0.775 2.65 2
105 0.775 3.15 3
105 0.775 3.65 2
105 0.775 4.15 0
105 0.775 4.65 0
105 0.825 0.15 0
105 0.825 0.65 0
105 0.825 1.15 1
105 0.825 1.65 0
105 0.825 2.15 1
105 0.825 2.65 1
105 0.825 3.15 0
105 0.825 3.65 1
105 0.825 4.15 0
105 0.825 4.65 2
105 0.875 0.15 0
105 0.875 0.65 0
105 0.875 1.15 2
105 0.875 1.65 1
105 0.875 2.15 1
105 0.875 2.65 0
105 0.875 3.15 2
105 0.875 3.65 2
105 0.875 4.15 3
105 0.875 4.65 3
115 0.525 0.15 2
115 0.525 0.65 1
115 0.525 1.15 3
115 0.525 1.65 2
115 0.525 2.15 2
115 0.525 2.65 3
115 0.525 3.15 2
115 0.525 3.65 1
115 0.525 4.15 2
115 0.525 4.65 3
115 0.575 0.15 1
115 0.575 0.65 1
115 0.575 1.15 3
115 0.575 1.65 3
115 0.575 2.15 1
115 0.575 2.65 0
115 0.575 3.15 2
115 0.575 3.65 1
115 0.575 4.15 0
115 0.575 4.65 0
115 0.625 0.15 2
115 0.625 0.65 0
115 0.625 1.15 1
115 0.625 1.65 1
115 0.625 2.15 2
115 0.625 2.65 1
115 0.625 3.15 0
115 0.625 3.65 0
115 0.625 4.15 1
115 0.625 4.65 1
115 0.675 0.15 0
115 0.675 0.65 2
115 0.675 1.15 0
115 0.675 1.65 1
115 0.675 2.15 0
115 0.675 2.65 0
115 0.675 3.15 0
115 0.675 3.65 1
115 0.675 4.15 1
115 0.675 4.65 1
115 0.725 0.15 0
115 0.725 0.65 5
115 0.725 1.15 0
115 0.725 1.65 2
115 0.725 2.15 0
115 0.725 2.65 4
115 0.725 3.15 0
115 0.725 3.65 0
115 0.725 4.15 1
115 0.725 4.65 0
115 0.775 0.15 0
115 0.775 0.65 7
115 0.775 1.15 3
115 0.775 1.65 0
115 0.775 2.15 0
115 0.775 2.65 0
115 0.775 3.15 1
115 0.775 3.65 2
115 0.775 4.15 1
115 0.775 4.65 1
115 0.825 0.15 1
115 0.825 0.65 1
115 0.825 1.15 1
115 0.825 1.65 0
115 0.825 2.15 1
115 0.825 2.65 0
115 0.825 3.15 1
115 0.825 3.65 1
115 0.825 4.15 0
115 0.825 4.65 0
115 0.875 0.15 0
115 0.875 0.65 1
115 0.875 1.15 0
115 0.875 1.65 1
115 0.875 2.15 2
115 0.875 2.65 0
115 0.875 3.15 1
115 0.875 3.65 1
115 0.875 4.15 1
115 0.875 4.65 0
