5 0.525 0.15 0
5 0.525 0.65 0
5 0.525 1.15 0
5 0.525 1.65 0.948712
5 0.525 2.15 0
5 0.525 2.65 0
5 0.525 3.15 0
5 0.525 3.65 0
5 0.525 4.15 0
5 0.525 4.65 0
5 0.575 0.15 0
5 0.575 0.65 0
5 0.575 1.15 0
5 0.575 1.65 0.958421
5 0.575 2.15 0
5 0.575 2.65 0
5 0.575 3.15 0
5 0.575 3.65 0
5 0.575 4.15 0
5 0.575 4.65 0
5 0.625 0.15 0
5 0.625 0.65 0
5 0.625 1.15 0
5 0.625 1.65 1.12437
5 0.625 2.15 0
5 0.625 2.65 0
5 0.625 3.15 0
5 0.625 3.65 0
5 0.625 4.15 0
5 0.625 4.65 0
5 0.675 0.15 0
5 0.675 0.65 0
5 0.675 1.15 0
5 0.675 1.65 0.954704
5 0.675 2.15 0
5 0.675 2.65 0
5 0.675 3.15 0
5 0.675 3.65 0
5 0.675 4.15 0
5 0.675 4.65 0
5 0.725 0.15 0
5 0.725 0.65 0
5 0.725 1.15 0
5 0.725 1.65 0.777632
5 0.725 2.15 0
5 0.725 2.65 0
5 0.725 3.15 0
5 0.725 3.65 0
5 0.725 4.15 0
5 0.725 4.65 0
5 0.775 0.15 0
5 0.775 0.65 0
5 0.775 1.15 0
5 0.775 1.65 0.540638
5 0.775 2.15 0
5 0.775 2.65 0
5 0.775 3.15 0
5 0.775 3.65 0
5 0.775 4.15 0
5 0.775 4.65 0
5 0.825 0.15 0
5 0.825 0.65 0
5 0.825 1.15 0
5 0.825 1.65 0.370225
5 0.825 2.15 0
5 0.825 2.65 0
5 0.825 3.15 0
5 0.825 3.65 0
5 0.825 4.15 0
5 0.825 4.65 0
5 0.875 0.15 0
5 0.875 0.65 0
5 0.875 1.15 0
5 0.875 1.65 0.233148
5 0.875 2.15 0
5 0.875 2.65 0
5 0.875 3.15 0
5 0.875 3.65 0
5 0.875 4.15 0
5 0.875 4.65 0
15 0.525 0.15 0
15 0.525 0.65 0
15 0.525 1.15 0
15 0.525 1.65 0.225342
15 0.525 2.15 0
15 0.525 2.65 0
15 0.525 3.15 0
15 0.525 3.65 0
15 0.525 4.15 0
15 0.525 4.65 0
15 0.575 0.15 0
15 0.575 0.65 0
15 0.575 1.15 0
15 0.575 1.65 0.406693
15 0.575 2.15 0
15 0.575 2.65 0
15 0.575 3.15 0
15 0.575 3.65 0
15 0.575 4.15 0
15 0.575 4.65 0
15 0.625 0.15 0
15 0.625 0.65 0
15 0.625 1.15 0
15 0.625 1.65 0.862018
15 0.625 2.15 0
15 0.625 2.65 0
15 0.625 3.15 0
15 0.625 3.65 0
15 0.625 4.15 0
15 0.625 4.65 0
15 0.675 0.15 0
15 0.675 0.65 0
15 0.675 1.15 0
15 0.675 1.65 1.58304
15 0.675 2.15 0
15 0.675 2.65 0
15 0.675 3.15 0
15 0.675 3.65 0
15 0.675 4.15 0
15 0.675 4.65 0
15 0.725 0.15 0
15 0.725 0.65 0
15 0.725 1.15 0
15 0.725 1.65 1.63263
15 0.725 2.15 0
15 0.725 2.65 0
15 0.725 3.15 0
15 0.725 3.65 0
15 0.725 4.15 0
15 0.725 4.65 0
15 0.775 0.15 0
15 0.775 0.65 0
15 0.775 1.15 0
15 0.775 1.65 1.02784
15 0.775 2.15 0
15 0.775 2.65 0
15 0.775 3.15 0
15 0.775 3.65 0
15 0.775 4.15 0
15 0.775 4.65 0
15 0.825 0.15 0
15 0.825 0.65 0
15 0.825 1.15 0
15 0.825 1.65 0.396688
15 0.825 2.15 0
15 0.825 2.65 0
15 0.825 3.15 0
15 0.825 3.65 0
15 0.825 4.15 0
15 0.825 4.65 0
15 0.875 0.15 0
15 0.875 0.65 0
15 0.875 1.15 0
15 0.875 1.65 0.0797092
15 0.875 2.15 0
15 0.875 2.65 0
15 0.875 3.15 0
15 0.875 3.65 0
15 0.875 4.15 0
15 0.875 4.65 0
25 0.525 0.15 0
25 0.525 0.65 0
25 0.525 1.15 0
25 0.525 1.65 0.0304369
25 0.525 2.15 0
25 0.525 2.65 0
25 0.525 3.15 0
25 0.525 3.65 0
25 0.525 4.15 0
25 0.525 4.65 0
25 0.575 0.15 0
25 0.575 0.65 0
25 0.575 1.15 0
25 0.575 1.65 0.0733439
25 0.575 2.15 0
25 0.575 2.65 0
25 0.575 3.15 0
25 0.575 3.65 0
25 0.575 4.15 0
25 0.575 4.65 0
25 0.625 0.15 0
25 0.625 0.65 0
25 0.625 1.15 0
25 0.625 1.65 0.277424
25 0.625 2.15 0
25 0.625 2.65 0
25 0.625 3.15 0
25 0.625 3.65 0
25 0.625 4.15 0
25 0.625 4.65 0
25 0.675 0.15 0
25 0.675 0.65 0
25 0.675 1.15 0
25 0.675 1.65 1.02479
25 0.675 2.15 0
25 0.675 2.65 0
25 0.675 3.15 0
25 0.675 3.65 0
25 0.675 4.15 0
25 0.675 4.65 0
25 0.725 0.15 0
25 0.725 0.65 0
25 0.725 1.15 0
25 0.725 1.65 1.63026
25 0.725 2.15 0
25 0.725 2.65 0
25 0.725 3.15 0
25 0.725 3.65 0
25 0.725 4.15 0
25 0.725 4.65 0
25 0.775 0.15 0
25 0.775 0.65 0
25 0.775 1.15 0
25 0.775 1.65 1.16351
25 0.775 2.15 0
25 0.775 2.65 0
25 0.775 3.15 0
25 0.775 3.65 0
25 0.775 4.15 0
25 0.775 4.65 0
25 0.825 0.15 0
25 0.825 0.65 0
25 0.825 1.15 0
25 0.825 1.65 0.289535
25 0.825 2.15 0
25 0.825 2.65 0
25 0.825 3.15 0
25 0.825 3.65 0
25 0.825 4.15 0
25 0.825 4.65 0
25 0.875 0.15 0
25 0.875 0.65 0
25 0.875 1.15 0
25 0.875 1.65 0.0294837
25 0.875 2.15 0
25 0.875 2.65 0
25 0.875 3.15 0
25 0.875 3.65 0
25 0.875 4.15 0
25 0.875 4.65 0
35 0.525 0.15 0
35 0.525 0.65 0
35 0.525 1.15 0
35 0.525 1.65 0.0320357
35 0.525 2.15 0
35 0.525 2.65 0
35 0.525 3.15 0
35 0.525 3.65 0
35 0.525 4.15 0
35 0.525 4.65 0
35 0.575 0.15 0
35 0.575 0.65 0
35 0.575 1.15 0
35 0.575 1.65 0.0305791
35 0.575 2.15 0
35 0.575 2.65 0
35 0.575 3.15 0
35 0.575 3.65 0
35 0.575 4.15 0
35 0.575 4.65 0
35 0.625 0.15 0
35 0.625 0.65 0
35 0.625 1.15 0
35 0.625 1.65 0.110617
35 0.625 2.15 0
35 0.625 2.65 0
35 0.625 3.15 0
35 0.625 3.65 0
35 0.625 4.15 0
35 0.625 4.65 0
35 0.675 0.15 0
35 0.675 0.65 0
35 0.675 1.15 0
35 0.675 1.65 0.564166
35 0.675 2.15 0
35 0.675 2.65 0
35 0.675 3.15 0
35 0.675 3.65 0
35 0.675 4.15 0
35 0.675 4.65 0
35 0.725 0.15 0
35 0.725 0.65 0
35 0.725 1.15 0
35 0.725 1.65 1.35435
35 0.725 2.15 0
35 0.725 2.65 0
35 0.725 3.15 0
35 0.725 3.65 0
35 0.725 4.15 0
35 0.725 4.65 0
35 0.775 0.15 0
35 0.775 0.65 0
35 0.775 1.15 0
35 0.775 1.65 1.12176
35 0.775 2.15 0
35 0.775 2.65 0
35 0.775 3.15 0
35 0.775 3.65 0
35 0.775 4.15 0
35 0.775 4.65 0
35 0.825 0.15 0
35 0.825 0.65 0
35 0.825 1.15 0
35 0.825 1.65 0.245412
35 0.825 2.15 0
35 0.825 2.65 0
35 0.825 3.15 0
35 0.825 3.65 0
35 0.825 4.15 0
35 0.825 4.65 0
35 0.875 0.15 0
35 0.875 0.65 0
35 0.875 1.15 0
35 0.875 1.65 0.00832373
35 0.875 2.15 0
35 0.875 2.65 0
35 0.875 3.15 0
35 0.875 3.65 0
35 0.875 4.15 0
35 0.875 4.65 0
45 0.525 0.15 0
45 0.525 0.65 0
45 0.525 1.15 0
45 0.525 1.65 0.021437
45 0.525 2.15 0
45 0.525 2.65 0
45 0.525 3.15 0
45 0.525 3.65 0
45 0.525 4.15 0
45 0.525 4.65 0
45 0.575 0.15 0
45 0.575 0.65 0
45 0.575 1.15 0
45 0.575 1.65 0.0251776
45 0.575 2.15 0
45 0.575 2.65 0
45 0.575 3.15 0
45 0.575 3.65 0
45 0.575 4.15 0
45 0.575 4.65 0
45 0.625 0.15 0
45 0.625 0.65 0
45 0.625 1.15 0
45 0.625 1.65 0.0596486
45 0.625 2.15 0
45 0.625 2.65 0
45 0.625 3.15 0
45 0.625 3.65 0
45 0.625 4.15 0
45 0.625 4.65 0
45 0.675 0.15 0
45 0.675 0.65 0
45 0.675 1.15 0
45 0.675 1.65 0.257597
45 0.675 2.15 0
45 0.675 2.65 0
45 0.675 3.15 0
45 0.675 3.65 0
45 0.675 4.15 0
45 0.675 4.65 0
45 0.725 0.15 0
45 0.725 0.65 0
45 0.725 1.15 0
45 0.725 1.65 0.879607
45 0.725 2.15 0
45 0.725 2.65 0
45 0.725 3.15 0
45 0.725 3.65 0
45 0.725 4.15 0
45 0.725 4.65 0
45 0.775 0.15 0
45 0.775 0.65 0
45 0.775 1.15 0
45 0.775 1.65 1.09643
45 0.775 2.15 0
45 0.775 2.65 0
45 0.775 3.15 0
45 0.775 3.65 0
45 0.775 4.15 0
45 0.775 4.65 0
45 0.825 0.15 0
45 0.825 0.65 0
45 0.825 1.15 0
45 0.825 1.65 0.244752
45 0.825 2.15 0
45 0.825 2.65 0
45 0.825 3.15 0
45 0.825 3.65 0
45 0.825 4.15 0
45 0.825 4.65 0
45 0.875 0.15 0
45 0.875 0.65 0
45 0.875 1.15 0
45 0.875 1.65 0.00746489
45 0.875 2.15 0
45 0.875 2.65 0
45 0.875 3.15 0
45 0.875 3.65 0
45 0.875 4.15 0
45 0.875 4.65 0
55 0.525 0.15 0
55 0.525 0.65 0
55 0.525 1.15 0
55 0.525 1.65 0.0271333
55 0.525 2.15 0
55 0.525 2.65 0
55 0.525 3.15 0
55 0.525 3.65 0
55 0.525 4.15 0
55 0.525 4.65 0
55 0.575 0.15 0
55 0.575 0.65 0
55 0.575 1.15 0
55 0.575 1.65 0.0262076
55 0.575 2.15 0
55 0.575 2.65 0
55 0.575 3.15 0
55 0.575 3.65 0
55 0.575 4.15 0
55 0.575 4.65 0
55 0.625 0.15 0
55 0.625 0.65 0
55 0.625 1.15 0
55 0.625 1.65 0.0327675
55 0.625 2.15 0
55 0.625 2.65 0
55 0.625 3.15 0
55 0.625 3.65 0
55 0.625 4.15 0
55 0.625 4.65 0
55 0.675 0.15 0
55 0.675 0.65 0
55 0.675 1.15 0
55 0.675 1.65 0.203039
55 0.675 2.15 0
55 0.675 2.65 0
55 0.675 3.15 0
55 0.675 3.65 0
55 0.675 4.15 0
55 0.675 4.65 0
55 0.725 0.15 0
55 0.725 0.65 0
55 0.725 1.15 0
55 0.725 1.65 0.730536
55 0.725 2.15 0
55 0.725 2.65 0
55 0.725 3.15 0
55 0.725 3.65 0
55 0.725 4.15 0
55 0.725 4.65 0
55 0.775 0.15 0
55 0.775 0.65 0
55 0.775 1.15 0
55 0.775 1.65 0.912065
55 0.775 2.15 0
55 0.775 2.65 0
55 0.775 3.15 0
55 0.775 3.65 0
55 0.775 4.15 0
55 0.775 4.65 0
55 0.825 0.15 0
55 0.825 0.65 0
55 0.825 1.15 0
55 0.825 1.65 0.224343
55 0.825 2.15 0
55 0.825 2.65 0
55 0.825 3.15 0
55 0.825 3.65 0
55 0.825 4.15 0
55 0.825 4.65 0
55 0.875 0.15 0
55 0.875 0.65 0
55 0.875 1.15 0
55 0.875 1.65 0.00373175
55 0.875 2.15 0
55 0.875 2.65 0
55 0.875 3.15 0
55 0.875 3.65 0
55 0.875 4.15 0
55 0.875 4.65 0
65 0.525 0.15 0
65 0.525 0.65 0
65 0.525 1.15 0
65 0.525 1.65 0.0149885
65 0.525 2.15 0
65 0.525 2.65 0
65 0.525 3.15 0
65 0.525 3.65 0
65 0.525 4.15 0
65 0.525 4.65 0
65 0.575 0.15 0
65 0.575 0.65 0
65 0.575 1.15 0
65 0.575 1.65 0.0149876
65 0.575 2.15 0
65 0.575 2.65 0
65 0.575 3.15 0
65 0.575 3.65 0
65 0.575 4.15 0
65 0.575 4.65 0
65 0.625 0.15 0
65 0.625 0.65 0
65 0.625 1.15 0
65 0.625 1.65 0.0337167
65 0.625 2.15 0
65 0.625 2.65 0
65 0.625 3.15 0
65 0.625 3.65 0
65 0.625 4.15 0
65 0.625 4.65 0
65 0.675 0.15 0
65 0.675 0.65 0
65 0.675 1.15 0
65 0.675 1.65 0.156459
65 0.675 2.15 0
65 0.675 2.65 0
65 0.675 3.15 0
65 0.675 3.65 0
65 0.675 4.15 0
65 0.675 4.65 0
65 0.725 0.15 0
65 0.725 0.65 0
65 0.725 1.15 0
65 0.725 1.65 0.71965
65 0.725 2.15 0
65 0.725 2.65 0
65 0.725 3.15 0
65 0.725 3.65 0
65 0.725 4.15 0
65 0.725 4.65 0
65 0.775 0.15 0
65 0.775 0.65 0
65 0.775 1.15 0
65 0.775 1.65 0.919447
65 0.775 2.15 0
65 0.775 2.65 0
65 0.775 3.15 0
65 0.775 3.65 0
65 0.775 4.15 0
65 0.775 4.65 0
65 0.825 0.15 0
65 0.825 0.65 0
65 0.825 1.15 0
65 0.825 1.65 0.210746
65 0.825 2.15 0
65 0.825 2.65 0
65 0.825 3.15 0
65 0.825 3.65 0
65 0.825 4.15 0
65 0.825 4.65 0
65 0.875 0.15 0
65 0.875 0.65 0
65 0.875 1.15 0
65 0.875 1.65 0.00187323
65 0.875 2.15 0
65 0.875 2.65 0
65 0.875 3.15 0
65 0.875 3.65 0
65 0.875 4.15 0
65 0.875 4.65 0
75 0.525 0.15 0
75 0.525 0.65 0
75 0.525 1.15 0
75 0.525 1.65 0.0252495
75 0.525 2.15 0
75 0.525 2.65 0
75 0.525 3.15 0
75 0.525 3.65 0
75 0.525 4.15 0
75 0.525 4.65 0
75 0.575 0.15 0
75 0.575 0.65 0
75 0.575 1.15 0
75 0.575 1.65 0.0159163
75 0.575 2.15 0
75 0.575 2.65 0
75 0.575 3.15 0
75 0.575 3.65 0
75 0.575 4.15 0
75 0.575 4.65 0
75 0.625 0.15 0
75 0.625 0.65 0
75 0.625 1.15 0
75 0.625 1.65 0.0233915
75 0.625 2.15 0
75 0.625 2.65 0
75 0.625 3.15 0
75 0.625 3.65 0
75 0.625 4.15 0
75 0.625 4.65 0
75 0.675 0.15 0
75 0.675 0.65 0
75 0.675 1.15 0
75 0.675 1.65 0.121104
75 0.675 2.15 0
75 0.675 2.65 0
75 0.675 3.15 0
75 0.675 3.65 0
75 0.675 4.15 0
75 0.675 4.65 0
75 0.725 0.15 0
75 0.725 0.65 0
75 0.725 1.15 0
75 0.725 1.65 0.577086
75 0.725 2.15 0
75 0.725 2.65 0
75 0.725 3.15 0
75 0.725 3.65 0
75 0.725 4.15 0
75 0.725 4.65 0
75 0.775 0.15 0
75 0.775 0.65 0
75 0.775 1.15 0
75 0.775 1.65 0.73808
75 0.775 2.15 0
75 0.775 2.65 0
75 0.775 3.15 0
75 0.775 3.65 0
75 0.775 4.15 0
75 0.775 4.65 0
75 0.825 0.15 0
75 0.825 0.65 0
75 0.825 1.15 0
75 0.825 1.65 0.147932
75 0.825 2.15 0
75 0.825 2.65 0
75 0.825 3.15 0
75 0.825 3.65 0
75 0.825 4.15 0
75 0.825 4.65 0
75 0.875 0.15 0
75 0.875 0.65 0
75 0.875 1.15 0
75 0.875 1.65 0.00280662
75 0.875 2.15 0
75 0.875 2.65 0
75 0.875 3.15 0
75 0.875 3.65 0
75 0.875 4.15 0
75 0.875 4.65 0
85 0.525 0.15 0
85 0.525 0.65 0
85 0.525 1.15 0
85 0.525 1.65 0.0168259
85 0.525 2.15 0
85 0.525 2.65 0
85 0.525 3.15 0
85 0.525 3.65 0
85 0.525 4.15 0
85 0.525 4.65 0
85 0.575 0.15 0
85 0.575 0.65 0
85 0.575 1.15 0
85 0.575 1.65 0.0233725
85 0.575 2.15 0
85 0.575 2.65 0
85 0.575 3.15 0
85 0.575 3.65 0
85 0.575 4.15 0
85 0.575 4.65 0
85 0.625 0.15 0
85 0.625 0.65 0
85 0.625 1.15 0
85 0.625 1.65 0.033634
85 0.625 2.15 0
85 0.625 2.65 0
85 0.625 3.15 0
85 0.625 3.65 0
85 0.625 4.15 0
85 0.625 4.65 0
85 0.675 0.15 0
85 0.675 0.65 0
85 0.675 1.15 0
85 0.675 1.65 0.100471
85 0.675 2.15 0
85 0.675 2.65 0
85 0.675 3.15 0
85 0.675 3.65 0
85 0.675 4.15 0
85 0.675 4.65 0
85 0.725 0.15 0
85 0.725 0.65 0
85 0.725 1.15 0
85 0.725 1.65 0.474069
85 0.725 2.15 0
85 0.725 2.65 0
85 0.725 3.15 0
85 0.725 3.65 0
85 0.725 4.15 0
85 0.725 4.65 0
85 0.775 0.15 0
85 0.775 0.65 0
85 0.775 1.15 0
85 0.775 1.65 0.593164
85 0.775 2.15 0
85 0.775 2.65 0
85 0.775 3.15 0
85 0.775 3.65 0
85 0.775 4.15 0
85 0.775 4.65 0
85 0.825 0.15 0
85 0.825 0.65 0
85 0.825 1.15 0
85 0.825 1.65 0.0878768
85 0.825 2.15 0
85 0.825 2.65 0
85 0.825 3.15 0
85 0.825 3.65 0
85 0.825 4.15 0
85 0.825 4.65 0
85 0.875 0.15 0
85 0.875 0.65 0
85 0.875 1.15 0
85 0.875 1.65 0
85 0.875 2.15 0
85 0.875 2.65 0
85 0.875 3.15 0
85 0.875 3.65 0
85 0.875 4.15 0
85 0.875 4.65 0
95 0.525 0.15 0
95 0.525 0.65 0
95 0.525 1.15 0
95 0.525 1.65 0.0186328
95 0.525 2.15 0
95 0.525 2.65 0
95 0.525 3.15 0
95 0.525 3.65 0
95 0.525 4.15 0
95 0.525 4.65 0
95 0.575 0.15 0
95 0.575 0.65 0
95 0.575 1.15 0
95 0.575 1.65 0.0260812
95 0.575 2.15 0
95 0.575 2.65 0
95 0.575 3.15 0
95 0.575 3.65 0
95 0.575 4.15 0
95 0.575 4.65 0
95 0.625 0.15 0
95 0.625 0.65 0
95 0.625 1.15 0
95 0.625 1.65 0.0233018
95 0.625 2.15 0
95 0.625 2.65 0
95 0.625 3.15 0
95 0.625 3.65 0
95 0.625 4.15 0
95 0.625 4.65 0
95 0.675 0.15 0
95 0.675 0.65 0
95 0.675 1.15 0
95 0.675 1.65 0.0814927
95 0.675 2.15 0
95 0.675 2.65 0
95 0.675 3.15 0
95 0.675 3.65 0
95 0.675 4.15 0
95 0.675 4.65 0
95 0.725 0.15 0
95 0.725 0.65 0
95 0.725 1.15 0
95 0.725 1.65 0.361508
95 0.725 2.15 0
95 0.725 2.65 0
95 0.725 3.15 0
95 0.725 3.65 0
95 0.725 4.15 0
95 0.725 4.65 0
95 0.775 0.15 0
95 0.775 0.65 0
95 0.775 1.15 0
95 0.775 1.65 0.564072
95 0.775 2.15 0
95 0.775 2.65 0
95 0.775 3.15 0
95 0.775 3.65 0
95 0.775 4.15 0
95 0.775 4.65 0
95 0.825 0.15 0
95 0.825 0.65 0
95 0.825 1.15 0
95 0.825 1.65 0.0634736
95 0.825 2.15 0
95 0.825 2.65 0
95 0.825 3.15 0
95 0.825 3.65 0
95 0.825 4.15 0
95 0.825 4.65 0
95 0.875 0.15 0
95 0.875 0.65 0
95 0.875 1.15 0
95 0.875 1.65 0
95 0.875 2.15 0
95 0.875 2.65 0
95 0.875 3.15 0
95 0.875 3.65 0
95 0.875 4.15 0
95 0.875 4.65 0
105 0.525 0.15 0
105 0.525 0.65 0
105 0.525 1.15 0
105 0.525 1.65 0.0427816
105 0.525 2.15 0
105 0.525 2.65 0
105 0.525 3.15 0
105 0.525 3.65 0
105 0.525 4.15 0
105 0.525 4.65 0
105 0.575 0.15 0
105 0.575 0.65 0
105 0.575 1.15 0
105 0.575 1.65 0.0177304
105 0.575 2.15 0
105 0.575 2.65 0
105 0.575 3.15 0
105 0.575 3.65 0
105 0.575 4.15 0
105 0.575 4.65 0
105 0.625 0.15 0
105 0.625 0.65 0
105 0.625 1.15 0
105 0.625 1.65 0.0223776
105 0.625 2.15 0
105 0.625 2.65 0
105 0.625 3.15 0
105 0.625 3.65 0
105 0.625 4.15 0
105 0.625 4.65 0
105 0.675 0.15 0
105 0.675 0.65 0
105 0.675 1.15 0
105 0.675 1.65 0.0793337
105 0.675 2.15 0
105 0.675 2.65 0
105 0.675 3.15 0
105 0.675 3.65 0
105 0.675 4.15 0
105 0.675 4.65 0
105 0.725 0.15 0
105 0.725 0.65 0
105 0.725 1.15 0
105 0.725 1.65 0.358659
105 0.725 2.15 0
105 0.725 2.65 0
105 0.725 3.15 0
105 0.725 3.65 0
105 0.725 4.15 0
105 0.725 4.65 0
105 0.775 0.15 0
105 0.775 0.65 0
105 0.775 1.15 0
105 0.775 1.65 0.42473
105 0.775 2.15 0
105 0.775 2.65 0
105 0.775 3.15 0
105 0.775 3.65 0
105 0.775 4.15 0
105 0.775 4.65 0
105 0.825 0.15 0
105 0.825 0.65 0
105 0.825 1.15 0
105 0.825 1.65 0.0373557
105 0.825 2.15 0
105 0.825 2.65 0
105 0.825 3.15 0
105 0.825 3.65 0
105 0.825 4.15 0
105 0.825 4.65 0
105 0.875 0.15 0
105 0.875 0.65 0
105 0.875 1.15 0
105 0.875 1.65 0
105 0.875 2.15 0
105 0.875 2.65 0
105 0.875 3.15 0
105 0.875 3.65 0
105 0.875 4.15 0
105 0.875 4.65 0
115 0.525 0.15 0
115 0.525 0.65 0
115 0.525 1.15 0
115 0.525 1.65 0.0214934
115 0.525 2.15 0
115 0.525 2.65 0
115 0.525 3.15 0
115 0.525 3.65 0
115 0.525 4.15 0
115 0.525 4.65 0
115 0.575 0.15 0
115 0.575 0.65 0
115 0.575 1.15 0
115 0.575 1.65 0.0430611
115 0.575 2.15 0
115 0.575 2.65 0
115 0.575 3.15 0
115 0.575 3.65 0
115 0.575 4.15 0
115 0.575 4.65 0
115 0.625 0.15 0
115 0.625 0.65 0
115 0.625 1.15 0
115 0.625 1.65 0.0121419
115 0.625 2.15 0
115 0.625 2.65 0
115 0.625 3.15 0
115 0.625 3.65 0
115 0.625 4.15 0
115 0.625 4.65 0
115 0.675 0.15 0
115 0.675 0.65 0
115 0.675 1.15 0
115 0.675 1.65 0.0766395
115 0.675 2.15 0
115 0.675 2.65 0
115 0.675 3.15 0
115 0.675 3.65 0
115 0.675 4.15 0
115 0.675 4.65 0
115 0.725 0.15 0
115 0.725 0.65 0
115 0.725 1.15 0
115 0.725 1.65 0.385403
115 0.725 2.15 0
115 0.725 2.65 0
115 0.725 3.15 0
115 0.725 3.65 0
115 0.725 4.15 0
115 0.725 4.65 0
115 0.775 0.15 0
115 0.775 0.65 0
115 0.775 1.15 0
115 0.775 1.65 0.403774
115 0.775 2.15 0
115 0.775 2.65 0
115 0.775 3.15 0
115 0.775 3.65 0
115 0.775 4.15 0
115 0.775 4.65 0
115 0.825 0.15 0
115 0.825 0.65 0
115 0.825 1.15 0
115 0.825 1.65 0.0233518
115 0.825 2.15 0
115 0.825 2.65 0
115 0.825 3.15 0
115 0.825 3.65 0
115 0.825 4.15 0
115 0.825 4.65 0
115 0.875 0.15 0
115 0.875 0.65 0
115 0.875 1.15 0
115 0.875 1.65 0
115 0.875 2.15 0
115 0.875 2.65 0
115 0.875 3.15 0
115 0.875 3.65 0
115 0.875 4.15 0
115 0.875 4.65 0
