Bin Center (keVee)  SS-Sub Data  Data Stat. Error   CEvNS   BRN   CEvNS+BRN  Syst. Error Low   Syst. Error High 
5 180.88 37.3714 98.071 100.893 198.963 188.341 212.053
15 168.285 28.3327 46.0685 106.119 152.188 144.592 154.831
25 84.6046 22.0427 12.3225 77.1746 89.497 83.3253 91.2395
35 48.2399 18.6213 2.94675 59.1881 62.1348 57.1867 62.8388
45 14.9452 16.1187 0.0976767 44.3076 44.4052 40.6076 45.0766
55 23.3383 15.1833 3.36944e-05 36.8325 36.8325 33.7888 39.9692
65 8.7051 13.1704 0 35.3301 35.3301 32.3751 35.6155
75 20.8055 12.9398 0 28.2166 28.2166 25.7989 29.5461
85 26.3034 12.4233 0 22.7627 22.7627 20.7952 22.9523
95 15.6286 11.405 0 19.4256 19.4256 17.7787 20.1117
105 21.9738 11.243 0 16.7841 16.7841 15.3839 17.4489
115 6.53702 10.2124 0 16.4922 16.4922 14.9974 16.6255
