Bin Center (us)  SS-Sub Data  Data Stat. Error   CEvNS   BRN   CEvNS+BRN  Syst. Error Low   Syst. Error High 
0.15 37.8246 20.338 13.8123 62.5 76.3123 27.8666 125.891
0.65 485.825 29.3536 49.5795 365.804 415.383 368.851 484.308
1.15 73.8246 21.2046 23.3052 124.537 147.842 82.8752 211.619
1.65 14.8246 19.7645 18.5033 10.6853 29.1886 28.3301 30.8888
2.15 5.82461 19.5355 14.788 0 14.788 13.8155 17.5668
2.65 10.8246 19.663 11.8215 0 11.8215 11.0441 14.0428
3.15 6.82461 19.5611 9.45151 0 9.45151 8.82995 11.2275
3.65 -13.1754 19.043 7.51642 0 7.51642 7.02213 8.92883
4.15 18.8246 19.8654 5.9665 0 5.9665 5.57413 7.08767
4.65 -21.1754 18.8318 4.76226 0 4.76226 4.44908 5.65714
